9.00 8.40 7.60 4.20 3.60 0.70 4.50 5.60 7.90 1.80 8.70 
1.20 34.80 7.20 5.90 0.90 3.60 1.00 4.20 8.70 0.60 0.10 
1.30 7.20 32.10 5.50 1.90 9.90 2.10 0.40 3.90 1.10 4.00 
6.70 0.50 2.80 12.70 5.00 8.40 5.80 2.00 2.40 2.20 6.90 
9.60 8.10 3.00 8.40 29.20 7.20 7.20 5.00 2.50 8.50 2.20 
9.90 4.00 4.20 9.80 1.30 29.80 9.00 2.40 9.00 0.90 8.10 
1.90 3.60 3.20 5.50 9.40 0.40 37.90 6.90 7.30 7.60 5.00 
5.50 6.00 4.20 7.90 8.40 9.30 0.50 62.10 6.70 0.40 1.30 
6.10 5.40 2.60 5.90 4.40 0.20 0.20 0.60 78.40 2.10 4.20 
6.80 2.80 8.90 7.20 0.80 5.80 9.80 3.60 0.80 75.30 4.80 
