30.30 3.30 3.30 4.80 9.00 5.40 6.70 4.60 6.80 2.90 0.00 
4.60 78.80 9.70 4.90 9.00 0.30 3.30 6.30 9.70 5.30 9.20 
8.60 2.50 15.20 9.60 7.50 8.80 5.70 2.90 3.60 6.00 1.40 
2.10 6.00 0.40 2.80 2.70 5.00 4.80 5.60 0.20 9.40 9.70 
9.90 4.30 3.90 0.20 42.80 0.30 0.00 8.10 4.70 3.80 5.90 
5.10 3.50 3.40 3.90 9.20 21.50 2.70 0.40 2.90 4.90 6.40 
8.50 2.90 4.30 3.50 7.70 0.00 23.80 7.10 4.90 8.90 6.70 
8.80 9.20 9.50 4.30 4.40 2.90 9.00 68.20 4.00 4.10 6.90 
2.60 3.20 6.10 4.20 6.00 1.70 2.30 6.10 8.10 0.90 9.00 
2.50 9.60 6.70 7.70 3.40 9.00 2.60 2.40 5.70 61.40 6.80 
