20.50 5.80 1.20 8.60 0.00 4.60 2.60 9.40 1.60 5.20 7.80 
2.90 94.60 9.00 4.70 7.00 5.10 8.00 3.10 9.30 5.70 2.70 
1.20 8.60 21.40 5.50 1.20 9.00 1.20 7.90 1.00 6.90 8.90 
7.40 5.50 4.10 62.00 3.30 8.70 8.80 3.80 6.60 7.00 8.40 
5.60 1.70 0.60 6.00 84.90 3.70 0.50 5.90 1.70 1.80 4.50 
8.30 7.30 5.80 7.30 3.70 28.90 8.30 0.70 7.80 5.70 1.40 
7.10 2.90 0.00 5.90 1.80 3.80 2.50 8.80 7.40 3.30 5.70 
8.10 9.30 5.80 7.00 9.90 1.70 3.90 56.90 6.30 2.20 9.40 
7.30 4.70 3.10 6.20 8.20 9.00 9.20 9.10 5.70 1.50 2.10 
5.70 7.40 9.10 4.70 5.10 3.10 2.10 3.70 4.00 5.40 3.00 
