9.80 2.50 8.10 1.60 1.60 0.20 3.10 3.90 9.60 0.40 3.80 
8.00 21.80 2.10 7.00 6.20 1.20 7.90 7.70 8.50 3.60 0.40 
7.60 8.30 20.70 5.90 5.70 4.40 9.90 1.10 2.70 5.00 3.60 
6.00 1.80 0.50 56.30 4.90 4.40 1.10 0.50 3.40 9.10 7.50 
5.50 1.40 8.90 6.80 99.30 1.80 0.50 8.20 2.20 8.20 1.70 
3.00 9.30 7.40 2.60 9.30 48.60 5.30 4.30 7.40 1.40 1.30 
7.90 7.70 6.20 7.50 8.80 1.90 71.00 3.20 9.40 1.70 4.60 
3.50 3.70 9.10 5.30 4.30 7.30 2.80 92.50 9.10 1.00 1.80 
1.70 3.60 6.30 5.50 9.00 5.80 3.00 0.40 57.10 6.10 3.30 
8.50 8.90 7.30 0.40 5.10 0.50 5.00 6.80 0.30 48.50 0.60 
