19.50 3.90 4.90 2.00 6.70 2.60 6.30 7.70 9.60 8.10 6.50 
6.00 3.60 5.50 7.00 1.80 1.10 4.20 3.20 9.60 7.90 2.10 
7.00 8.40 17.20 2.70 3.40 4.00 8.30 7.20 9.80 3.00 6.30 
4.70 5.00 3.00 57.30 1.40 5.90 2.20 4.70 2.40 8.20 3.50 
3.20 0.40 5.40 4.30 89.80 8.60 4.00 7.80 5.90 6.20 6.20 
8.30 4.10 4.80 2.30 2.40 27.20 2.20 5.40 3.50 2.10 5.70 
6.50 4.70 7.10 7.60 6.90 1.80 70.10 0.30 5.30 3.30 0.70 
5.90 2.80 0.60 9.70 2.00 8.40 0.80 33.40 9.80 9.10 7.60 
9.80 1.50 5.20 7.10 8.90 5.90 0.60 1.00 1.60 2.40 0.90 
3.90 0.00 7.80 0.90 5.30 8.10 1.40 3.80 8.90 42.60 6.70 
