14.70 2.30 8.70 3.10 3.20 2.20 8.10 7.50 5.00 7.90 9.00 
5.40 35.00 3.10 1.30 5.70 9.40 8.10 8.10 0.30 2.00 3.30 
8.20 8.10 48.70 1.50 9.60 2.50 0.40 2.20 9.20 5.10 9.70 
3.20 3.40 8.10 50.60 1.50 5.70 0.80 9.50 9.90 6.20 9.70 
8.30 7.60 5.40 7.70 30.90 8.70 3.20 8.20 2.10 6.60 6.30 
6.00 8.20 1.10 8.50 8.60 28.50 3.00 9.00 8.30 1.40 7.60 
1.60 2.00 9.20 2.50 2.80 3.90 52.50 9.00 3.60 6.00 1.80 
4.30 3.70 2.80 8.20 2.10 1.00 5.50 88.80 2.50 1.50 7.00 
3.70 5.30 0.80 2.20 8.30 5.00 5.70 9.70 82.70 2.60 6.90 
7.10 5.10 4.90 1.00 2.80 3.90 9.80 8.80 1.00 39.30 7.70 
