89.00 7.60 9.90 5.20 3.10 8.70 7.70 9.90 5.70 6.60 5.20 
1.70 64.10 3.50 6.80 9.80 8.40 9.50 7.60 0.50 6.60 2.80 
5.40 2.80 30.80 9.30 7.80 9.70 5.50 7.20 7.40 4.50 0.00 
2.50 9.70 8.30 41.20 2.70 8.20 2.10 9.30 3.40 3.90 3.40 
2.10 5.90 8.50 5.70 35.40 6.10 6.20 7.20 4.10 1.60 5.20 
5.00 6.20 8.20 9.90 1.70 15.40 7.30 1.50 0.60 5.10 6.40 
9.00 6.30 9.10 7.20 3.70 3.70 85.90 2.80 7.10 8.00 8.70 
5.60 9.00 4.10 7.00 5.20 6.50 1.10 6.90 1.70 6.10 8.30 
5.10 1.20 0.00 0.60 3.80 6.70 6.40 8.90 3.20 5.40 0.40 
7.50 7.90 4.10 1.20 3.80 6.90 3.60 7.00 5.60 84.40 6.00 
