64.90 1.40 6.50 1.40 2.60 8.60 8.30 3.90 6.90 3.50 5.20 
2.10 39.30 9.00 8.90 0.90 3.10 7.30 6.40 3.50 4.80 9.50 
7.70 1.30 83.30 9.80 4.90 5.50 5.50 9.30 6.80 5.60 6.00 
3.30 2.30 8.60 17.10 5.80 7.70 4.00 4.50 8.10 6.10 9.00 
2.30 5.00 0.00 5.40 7.50 6.40 4.20 2.40 5.90 1.90 8.90 
4.40 6.90 3.80 5.10 7.60 38.30 1.90 3.30 4.30 0.40 5.60 
8.10 7.50 6.60 1.10 6.70 1.20 19.20 2.90 0.20 6.80 3.10 
0.20 7.40 0.70 1.80 1.60 8.30 7.70 48.70 7.20 7.30 5.70 
6.20 2.50 3.30 9.70 9.60 1.80 4.10 5.30 72.60 7.40 8.00 
9.30 8.50 4.80 0.50 3.00 2.90 5.90 9.80 6.00 56.20 2.40 
