71.90 8.00 4.10 0.20 1.00 8.00 2.60 8.30 8.90 4.00 0.80 
2.30 93.80 5.70 9.30 3.10 1.00 2.00 0.50 9.00 1.30 9.10 
3.80 7.00 42.10 6.70 2.90 7.10 8.00 4.30 9.50 9.90 2.40 
8.80 5.40 8.60 56.90 3.20 6.90 1.00 7.30 3.00 3.30 6.30 
8.70 7.90 9.40 4.90 49.90 5.10 3.90 6.40 4.20 3.00 8.60 
1.50 4.90 1.50 8.60 8.10 1.10 3.40 3.30 8.70 2.20 8.70 
7.30 4.30 1.90 4.20 5.40 4.40 12.40 3.90 5.90 6.30 1.80 
5.30 1.20 6.90 0.50 0.40 3.30 9.90 73.40 1.90 1.50 3.50 
8.70 5.30 6.90 5.00 8.70 0.20 3.70 6.20 8.90 1.00 0.50 
6.00 0.40 1.10 5.70 2.90 0.30 1.60 9.20 2.10 52.20 0.50 
