44.30 7.90 6.10 2.80 7.80 4.70 0.00 4.50 8.20 8.70 9.90 
5.10 58.90 8.60 5.30 2.60 4.80 9.40 3.60 0.60 0.70 9.20 
1.70 6.40 92.10 2.00 8.00 6.60 9.40 5.40 2.30 3.70 3.30 
8.40 1.70 1.20 93.10 1.70 0.90 6.50 5.60 0.80 6.90 4.50 
9.50 2.20 7.10 9.50 56.90 5.90 0.10 7.60 5.20 7.10 4.00 
2.50 4.30 7.20 9.10 8.90 52.70 6.60 7.80 1.20 5.00 9.60 
2.40 3.30 1.30 8.60 9.90 7.00 79.40 6.80 1.50 4.10 4.20 
3.90 3.70 6.30 9.80 9.00 3.90 0.20 51.30 3.10 2.80 5.70 
0.40 7.10 4.60 8.30 3.80 2.50 9.50 4.00 42.10 7.20 2.60 
3.40 5.80 2.50 5.60 5.20 4.50 7.20 4.60 3.90 11.10 8.30 
