60.30 6.10 2.50 4.20 1.60 3.90 7.40 4.40 9.60 3.00 6.70 9.40 1.30 5.70 1.90 6.00 5.00 9.20 3.20 7.60 7.90 
9.00 95.30 3.50 9.50 9.80 0.70 4.10 3.70 7.00 7.60 4.00 8.40 0.10 8.30 0.00 9.20 0.90 9.60 4.00 3.90 6.30 
3.50 0.40 87.30 0.60 6.40 2.30 5.10 4.90 5.10 3.00 3.90 0.40 6.50 8.60 0.20 2.50 7.90 9.10 4.70 0.70 8.40 
3.10 6.10 1.90 93.10 5.30 2.80 2.70 9.40 1.90 4.30 8.10 2.30 6.80 8.70 3.90 4.30 3.80 8.80 9.40 2.00 8.00 
9.80 8.60 1.80 5.20 46.30 9.80 9.50 1.00 0.50 7.90 4.20 6.60 9.80 2.50 7.20 7.80 5.30 6.60 9.70 4.80 4.70 
7.20 1.60 8.60 1.20 5.90 87.70 0.00 5.30 9.70 3.20 0.30 3.50 5.10 0.70 9.80 4.90 5.40 6.10 0.60 3.40 0.30 
2.50 8.40 2.80 9.70 6.30 3.30 11.50 6.00 8.10 1.40 8.50 9.70 0.00 9.70 0.80 2.90 4.90 1.30 7.90 3.40 1.60 
1.40 8.50 7.50 6.50 8.60 3.00 2.60 89.20 1.60 2.90 6.90 5.20 0.90 6.60 1.50 9.50 3.30 2.80 7.60 4.70 1.30 
2.60 0.00 6.20 8.60 2.90 6.30 0.00 0.80 39.70 1.60 7.50 8.20 4.40 4.00 2.00 2.60 1.80 6.50 9.40 9.90 3.40 
4.60 0.80 5.30 6.20 0.30 8.60 4.20 3.20 3.40 80.70 1.00 3.40 6.90 9.60 1.50 8.40 9.60 2.40 8.20 6.50 5.10 
1.60 6.10 4.30 3.70 8.70 6.10 0.20 8.10 6.00 8.80 87.90 2.00 4.10 9.30 2.40 2.80 3.50 0.80 6.20 4.20 7.00 
9.60 6.30 6.60 1.10 0.00 1.50 8.70 3.40 3.20 9.00 5.00 69.30 3.30 3.90 8.00 9.40 9.30 1.30 5.40 8.20 4.40 
7.50 2.30 3.80 5.10 5.10 7.30 1.10 6.50 6.80 8.10 1.30 8.30 49.90 7.70 3.50 1.40 6.40 6.90 4.60 0.70 7.20 
9.10 4.00 1.10 2.30 8.70 5.70 3.60 9.30 3.90 8.10 2.00 1.40 7.10 37.10 1.80 9.60 3.40 8.30 6.40 6.70 9.70 
0.00 6.70 7.40 3.50 3.30 9.00 5.70 3.20 4.90 2.90 2.30 9.00 9.20 4.70 62.90 4.90 3.50 2.20 4.00 6.80 4.30 
5.50 3.90 6.60 2.50 3.60 5.30 6.00 5.20 2.00 5.70 0.40 8.70 8.30 4.00 2.10 82.60 9.70 0.50 2.70 7.80 2.80 
6.90 7.00 2.70 9.80 2.00 6.30 2.10 6.00 8.30 1.60 6.70 2.30 8.20 9.20 1.10 3.50 55.30 6.30 0.80 6.20 6.80 
9.50 9.80 6.00 6.80 7.60 0.90 7.30 0.30 8.70 5.40 7.30 5.70 8.10 2.30 2.90 9.60 4.40 94.20 8.00 1.20 0.90 
5.50 4.70 5.40 6.60 3.40 5.90 8.10 4.20 7.30 0.10 3.80 7.10 1.30 5.80 9.90 2.20 8.40 5.50 66.10 9.00 8.00 
7.10 2.30 0.30 0.00 2.00 0.00 4.20 5.20 1.20 0.40 0.70 5.90 5.80 2.50 9.40 1.70 5.80 3.60 9.00 56.00 2.60 
