61.40 7.30 3.70 6.50 4.80 2.10 2.00 0.90 6.30 0.00 3.20 8.60 0.40 3.30 5.80 5.60 2.70 1.00 6.80 3.10 6.90 
2.80 34.10 4.60 7.40 5.80 0.50 1.00 0.10 6.50 8.90 6.70 9.00 2.60 3.20 3.80 9.90 0.50 0.00 6.20 5.70 3.20 
4.80 6.10 1.70 0.70 6.90 9.70 6.90 3.80 2.80 3.90 1.80 7.00 8.50 9.20 8.00 4.20 5.40 3.30 0.70 4.30 0.00 
5.00 2.10 8.50 78.80 2.00 9.00 4.00 3.40 4.70 2.50 8.30 6.10 9.40 4.20 3.00 9.10 6.30 2.00 2.00 5.40 3.80 
4.20 9.20 3.00 2.20 3.40 8.50 0.80 9.40 8.00 0.80 4.40 0.20 4.50 8.40 2.20 8.70 2.50 5.70 3.50 0.20 9.20 
4.80 9.60 8.60 3.00 4.00 4.90 5.10 1.20 5.60 8.90 5.40 4.80 7.20 2.80 8.20 5.70 8.80 7.60 3.70 9.70 2.00 
3.90 9.40 0.50 1.40 8.20 8.20 52.30 6.90 3.60 1.50 1.70 8.40 5.30 9.90 2.40 5.40 5.00 3.60 1.00 9.20 4.20 
5.80 6.40 2.30 4.10 2.10 1.10 6.90 41.00 6.00 9.00 0.20 5.50 4.70 1.60 8.90 8.10 3.90 5.80 1.70 0.60 7.50 
0.10 1.10 7.40 7.80 6.50 7.70 6.60 7.60 66.90 6.10 3.40 3.30 3.60 2.70 0.60 9.90 9.70 1.60 6.00 3.90 7.00 
6.70 8.60 8.60 0.80 6.70 7.70 6.60 3.60 3.50 69.30 3.70 4.60 1.90 6.70 1.20 9.60 3.40 4.00 1.70 9.50 7.40 
5.00 3.10 0.20 0.80 3.00 5.10 2.50 4.20 9.00 4.70 16.10 7.60 3.40 6.90 9.50 6.30 3.50 3.10 5.10 8.00 2.00 
9.70 0.00 8.80 6.10 9.60 7.40 0.10 1.40 6.90 2.80 1.60 5.20 8.20 2.50 8.20 3.30 0.20 7.70 2.30 4.90 9.00 
5.10 3.50 6.00 4.60 9.90 4.70 2.90 0.20 2.80 4.90 9.90 2.80 58.90 1.30 7.60 6.30 6.60 9.00 8.40 9.40 5.90 
3.60 7.60 8.40 7.10 0.90 3.80 0.00 8.40 3.90 9.00 3.50 7.50 5.00 78.10 2.60 5.00 6.20 2.80 7.80 6.40 7.90 
5.80 5.30 4.40 3.40 6.90 1.10 7.70 0.50 5.70 3.60 4.20 3.40 7.20 6.50 59.50 1.00 6.50 3.20 4.90 0.70 6.70 
7.60 5.80 0.10 0.20 6.00 6.30 8.20 3.80 2.70 1.40 9.60 3.30 5.80 3.00 5.40 66.90 0.70 5.90 2.70 9.50 0.10 
1.30 6.70 1.80 6.00 2.90 3.50 9.20 3.10 4.30 1.20 0.70 5.30 1.30 6.20 1.30 2.80 9.60 5.10 5.60 1.00 9.90 
4.10 6.90 8.10 9.50 9.00 8.90 5.40 6.90 3.60 0.80 8.20 0.40 2.60 9.50 3.30 1.40 8.70 36.40 5.70 5.10 2.40 
1.00 6.40 3.80 2.30 9.30 3.40 2.60 0.10 4.50 2.50 9.40 6.60 0.60 8.90 5.60 4.70 9.50 2.60 78.40 0.30 6.00 
4.00 8.20 5.50 7.30 4.80 9.50 9.00 0.50 4.60 6.60 6.70 6.30 0.40 9.00 0.80 9.00 6.80 6.10 3.50 9.30 5.50 
