60.10 5.10 4.40 1.00 5.10 9.10 8.80 3.50 4.70 4.80 7.50 8.10 5.60 0.00 2.90 5.10 4.20 3.40 4.90 6.00 0.10 
6.40 66.40 4.30 7.20 5.50 1.10 3.30 4.20 5.60 4.00 9.60 5.90 3.60 5.80 1.00 2.80 4.60 9.70 7.50 9.40 2.40 
5.60 5.00 12.50 8.50 5.30 1.90 7.10 5.50 8.00 2.40 1.90 9.60 6.70 4.40 0.30 3.00 2.90 4.60 8.60 7.00 9.40 
4.50 5.80 5.20 50.80 8.60 9.80 0.50 1.30 4.40 3.00 2.10 4.70 0.70 5.80 0.00 7.80 2.90 0.70 5.80 5.30 7.90 
0.70 7.20 7.50 1.00 30.20 0.40 0.80 4.00 2.60 0.20 8.60 8.50 0.60 4.60 2.30 0.40 5.10 3.70 0.10 3.30 1.00 
4.80 9.20 6.90 0.00 7.10 15.00 0.80 8.10 5.60 8.70 8.80 2.80 6.20 5.10 8.30 1.80 5.90 2.30 4.50 1.40 6.10 
8.20 7.20 0.70 5.70 2.90 1.10 29.40 3.00 4.40 5.70 7.80 3.70 2.60 7.80 6.00 2.80 8.60 4.10 8.40 2.50 8.20 
6.50 3.90 3.30 4.80 5.80 4.40 2.30 5.50 1.00 8.50 8.90 8.30 4.40 4.60 1.20 5.50 9.30 4.20 0.00 5.00 2.00 
8.90 2.80 5.00 4.90 5.60 3.70 4.20 4.10 91.40 2.40 5.80 5.40 0.90 5.80 6.40 5.40 8.10 1.90 1.60 1.80 6.00 
9.90 6.30 0.60 6.30 1.80 9.90 0.50 7.00 0.10 77.70 1.10 2.90 2.80 1.20 8.60 1.70 5.50 7.90 8.30 7.90 8.90 
3.70 8.90 4.70 5.30 9.50 8.00 2.40 1.10 9.90 8.40 71.10 1.40 4.30 2.60 8.40 4.20 3.20 0.70 9.60 6.10 1.80 
2.50 4.10 3.10 6.30 1.00 8.60 9.40 9.40 1.70 3.50 8.30 5.80 8.20 3.70 5.30 1.50 1.30 1.70 1.40 9.80 8.00 
8.00 4.10 0.60 6.40 3.50 3.80 2.30 3.10 5.20 4.20 0.90 4.50 82.50 2.40 5.60 6.30 7.10 0.20 8.00 0.60 8.50 
9.10 8.90 7.40 4.40 5.60 8.80 6.10 7.00 3.80 4.10 0.20 7.90 4.80 1.80 6.60 3.80 4.20 5.00 4.20 8.40 5.90 
8.80 6.10 3.50 9.60 2.40 0.60 9.80 5.60 1.30 3.50 4.70 5.40 6.20 4.40 11.00 0.20 5.70 3.20 4.00 5.10 8.60 
7.10 9.90 0.40 8.90 8.90 4.60 3.90 8.40 8.20 5.00 7.20 4.30 8.60 6.80 1.90 19.20 1.80 7.60 5.70 5.30 7.50 
6.30 1.50 1.90 2.50 6.90 7.70 0.90 0.90 8.00 9.50 3.20 3.10 0.00 2.20 2.00 4.60 41.30 5.60 2.90 6.40 2.80 
2.40 5.00 4.80 4.40 9.40 1.80 7.20 0.40 7.20 4.70 6.70 3.90 1.90 9.30 0.90 4.80 5.40 77.00 2.80 5.00 5.50 
5.90 5.00 2.90 3.10 4.80 4.20 8.80 7.70 0.60 6.80 5.40 0.80 6.90 9.80 0.30 8.70 7.00 0.70 21.10 6.90 2.60 
0.30 4.00 7.10 6.40 8.80 2.60 8.60 1.60 7.60 4.10 2.70 7.80 2.20 5.90 2.60 6.50 9.90 0.40 2.30 96.70 5.80 
