53.20 8.80 0.80 8.70 7.60 3.00 9.40 3.90 5.10 7.20 4.20 9.20 4.40 0.60 8.00 2.20 9.30 4.90 9.80 8.60 2.80 
7.60 50.90 8.70 0.20 2.60 3.80 5.80 4.90 5.80 6.80 8.10 4.60 2.80 2.00 7.40 5.80 1.40 1.40 6.20 3.90 5.60 
5.40 3.50 31.50 3.40 5.70 6.00 3.50 0.70 4.60 6.40 8.30 5.50 0.30 3.70 3.30 4.20 4.80 8.30 0.00 6.80 1.60 
4.60 4.90 3.70 62.10 5.90 0.30 8.70 2.10 4.20 4.30 7.50 7.70 1.00 6.20 8.60 7.00 9.70 9.30 1.70 6.10 2.80 
2.40 1.70 6.60 5.80 95.90 6.60 9.30 5.90 8.60 0.90 5.70 3.50 4.60 3.00 9.50 0.20 1.70 1.60 9.60 1.30 9.20 
7.40 2.30 0.60 6.00 9.40 40.30 0.60 6.30 1.70 3.40 3.90 3.40 5.20 4.90 9.30 1.80 4.20 0.40 0.50 0.40 1.30 
9.20 0.20 4.40 8.70 0.40 6.10 25.60 0.10 2.60 4.80 2.70 5.00 5.40 3.90 9.60 0.90 4.50 1.10 2.60 8.00 0.20 
1.20 3.20 5.20 5.70 0.30 4.60 6.10 56.00 5.00 2.70 5.20 5.30 7.10 4.00 5.70 8.40 4.80 1.00 1.10 4.80 3.70 
1.30 5.40 7.70 6.10 6.30 7.40 2.40 4.20 75.40 2.60 5.40 3.90 7.80 6.40 4.20 2.50 7.70 0.20 2.70 0.40 5.40 
8.00 7.50 4.60 9.00 6.00 9.40 0.00 2.30 4.20 99.00 8.80 9.60 1.90 4.90 1.20 9.30 2.50 5.40 4.80 5.10 6.00 
8.70 8.20 2.40 2.90 5.90 0.20 8.30 8.60 0.60 3.70 16.70 3.40 3.60 0.90 4.60 3.00 0.90 6.90 2.50 5.10 5.70 
7.30 7.00 5.80 8.50 6.40 8.30 3.90 6.40 8.60 5.20 0.30 36.80 7.60 3.20 2.70 3.00 6.70 6.60 3.70 0.40 3.30 
7.10 9.20 9.40 1.70 7.50 5.50 3.80 0.00 0.70 4.70 7.30 7.70 15.70 5.90 9.30 9.20 5.00 5.70 7.80 0.20 6.00 
4.70 3.10 4.40 2.60 6.10 1.10 9.20 9.80 6.80 7.70 2.10 6.00 7.10 79.00 8.70 7.90 8.00 8.70 8.60 7.90 1.30 
6.30 3.60 2.40 0.90 2.80 7.40 6.60 5.90 2.90 2.70 5.80 6.00 7.10 8.40 87.30 3.50 2.90 2.40 0.30 5.80 4.50 
1.50 8.20 8.80 0.30 6.10 6.80 4.20 4.70 0.00 5.50 6.20 3.60 3.10 7.10 1.70 95.80 3.80 7.60 8.70 1.70 3.40 
9.90 4.00 7.00 7.20 2.70 5.10 9.60 8.20 1.00 9.40 9.80 9.20 8.20 5.30 5.30 0.20 84.70 5.20 5.40 5.50 1.40 
9.10 8.60 3.80 6.00 4.40 2.80 8.80 8.30 4.50 2.20 3.40 3.70 4.40 0.70 6.50 9.60 5.50 24.70 0.60 4.90 9.70 
5.00 8.30 0.20 0.30 3.80 5.00 5.50 9.20 0.50 2.10 3.50 9.10 1.10 9.50 8.80 3.90 8.30 2.30 33.60 5.70 5.80 
2.60 0.20 6.50 9.10 5.00 2.00 9.00 0.80 2.20 8.80 5.80 5.70 9.00 6.10 9.50 4.00 6.80 4.00 9.70 14.10 7.50 
