34.10 5.30 2.30 2.90 4.40 5.80 5.20 3.30 1.60 1.00 5.90 7.00 2.70 5.00 7.20 0.00 4.00 8.00 7.40 8.00 3.80 
3.10 17.10 9.90 7.90 6.30 1.90 1.90 6.10 1.20 4.60 5.40 1.70 6.90 8.30 6.20 2.80 8.70 9.50 9.60 5.00 5.40 
6.60 2.90 25.60 3.80 2.90 9.60 1.80 5.50 2.90 0.80 8.70 0.00 0.70 1.80 1.50 7.80 3.70 2.80 9.00 3.50 8.20 
0.80 0.50 1.70 42.20 8.50 5.70 6.90 8.10 0.70 2.30 9.90 3.60 7.90 8.90 1.80 2.70 0.70 7.30 5.60 1.50 1.20 
0.80 7.40 3.00 7.60 30.40 1.90 5.60 4.60 5.50 3.90 0.60 1.20 0.80 2.80 9.70 6.50 9.70 3.00 7.20 7.20 2.90 
6.10 0.30 1.80 3.10 8.30 37.70 5.60 9.10 4.40 6.90 5.20 7.00 5.10 2.80 2.60 2.30 8.40 7.20 3.00 7.50 7.90 
9.40 8.40 5.90 9.10 4.90 0.90 47.30 7.40 8.10 0.20 3.50 3.70 7.20 6.60 2.00 0.10 7.40 1.10 4.50 4.30 1.50 
6.70 4.70 4.30 9.30 2.20 8.00 1.70 20.40 0.70 9.60 9.80 9.10 0.80 8.90 9.30 1.70 6.20 6.70 5.00 1.60 5.40 
8.70 4.00 7.20 5.90 4.10 4.60 2.30 3.80 74.20 3.80 0.50 8.90 8.20 5.00 6.30 1.40 6.70 6.70 2.10 1.60 6.50 
6.50 2.40 0.60 5.80 4.10 2.00 2.50 9.10 8.80 67.90 3.10 2.80 5.10 9.00 6.90 9.70 1.30 5.90 9.10 5.20 1.60 
3.20 8.60 6.60 9.50 0.00 8.50 1.40 7.30 0.10 7.90 33.80 7.70 3.70 9.60 1.80 5.70 7.30 6.20 4.50 0.40 9.30 
2.50 0.70 3.50 4.60 0.50 4.90 0.50 4.80 5.30 7.30 8.10 3.90 3.90 7.60 9.10 7.70 9.10 6.40 3.00 2.20 5.50 
0.80 6.00 5.10 2.60 6.90 7.70 4.00 1.50 8.10 3.30 9.20 8.90 6.90 3.90 4.60 7.00 9.60 9.40 2.30 7.00 7.50 
1.40 6.10 0.40 0.50 3.80 9.50 2.10 6.90 6.90 7.60 7.70 2.90 8.00 5.50 9.90 5.70 9.60 6.60 3.80 8.10 5.80 
7.90 0.20 4.90 2.50 2.40 4.60 7.20 4.70 1.60 4.70 6.10 7.70 5.10 1.80 1.60 9.80 4.00 3.70 6.80 1.60 6.60 
4.90 9.60 2.10 4.80 0.50 6.90 6.60 9.60 5.10 7.70 7.50 0.50 2.60 5.30 3.00 17.20 2.50 2.90 8.80 7.20 4.30 
1.80 7.60 6.10 8.60 2.60 0.10 2.30 9.40 7.00 8.90 9.60 1.80 6.20 9.60 2.40 3.20 86.30 2.00 3.50 4.00 4.70 
9.20 1.80 0.00 2.20 4.30 2.50 0.40 8.30 5.00 4.70 0.10 7.80 0.80 8.70 0.40 6.20 6.20 65.10 3.20 5.10 4.70 
0.20 6.60 4.30 2.60 5.00 5.80 9.80 3.70 5.00 9.80 2.90 6.90 9.80 0.40 1.20 7.60 0.80 4.70 87.80 5.50 4.90 
0.80 6.30 3.60 6.40 7.70 5.10 1.50 0.90 5.40 1.40 1.20 2.00 1.00 9.00 7.00 6.80 4.10 0.70 7.10 43.90 8.90 
