44.00 8.90 9.30 0.40 1.70 5.30 5.10 4.70 0.80 5.20 5.50 2.30 4.10 7.20 0.10 9.20 3.90 6.20 4.60 5.40 2.60 
1.90 1.60 6.90 8.90 8.40 1.00 4.90 5.50 0.10 9.00 4.70 4.20 8.30 0.30 1.20 8.80 0.70 1.10 9.60 1.10 1.90 
7.10 5.20 59.10 2.40 9.60 3.00 8.70 4.30 3.60 6.50 6.20 5.20 3.40 0.30 8.90 9.60 0.40 9.60 9.70 9.40 9.60 
9.20 2.90 9.90 15.60 1.70 5.80 6.70 6.50 2.20 8.60 3.70 7.40 7.70 6.10 7.10 0.80 0.00 6.60 9.60 6.60 8.00 
4.90 0.00 3.50 3.80 79.70 4.00 3.40 4.60 8.60 3.00 9.00 1.60 8.20 4.60 8.50 9.20 1.40 5.10 1.40 5.20 4.00 
4.10 3.00 5.30 6.40 9.00 25.40 3.00 8.60 7.20 6.20 8.70 7.20 9.70 2.50 2.10 8.90 6.00 2.00 7.60 4.20 1.00 
9.20 2.40 0.90 2.90 6.90 7.50 38.00 8.30 2.70 2.00 2.40 0.90 7.40 8.80 9.90 8.00 7.00 3.80 5.20 3.20 2.50 
7.60 8.20 5.10 9.80 7.10 6.30 7.00 14.70 5.70 3.20 9.10 3.40 4.10 2.10 0.30 1.60 5.30 3.80 9.60 2.60 6.30 
0.50 5.20 0.30 5.70 3.20 2.60 9.50 3.60 25.80 2.00 1.20 9.20 2.30 6.20 6.40 3.80 3.20 6.30 4.80 6.50 0.70 
8.20 5.80 2.80 3.70 2.70 3.30 7.50 2.30 5.90 99.00 2.80 1.10 4.60 8.50 9.50 7.20 3.20 3.10 8.20 0.50 9.60 
7.50 2.80 5.80 3.90 1.90 4.30 5.40 6.70 6.00 6.10 60.10 7.00 4.10 3.80 9.70 7.50 1.30 2.00 8.60 5.60 0.10 
9.80 0.20 3.80 4.50 7.40 2.30 2.90 5.60 2.80 2.50 3.10 0.80 3.50 2.20 7.90 3.00 7.70 4.60 9.00 9.00 4.70 
1.30 3.20 3.70 1.00 0.70 5.10 8.30 9.30 0.70 3.60 4.30 0.90 82.60 8.90 3.50 4.90 1.80 9.10 7.70 9.50 2.30 
3.80 3.00 9.70 1.70 1.30 7.40 1.60 5.50 6.50 1.50 6.80 4.90 5.30 17.90 5.60 5.60 1.40 0.10 1.50 5.00 9.70 
7.60 7.60 3.80 1.10 2.60 0.80 0.20 5.50 0.30 7.70 9.30 8.50 7.50 1.10 99.80 0.10 2.70 0.60 1.80 4.20 7.40 
6.70 4.70 5.30 2.30 0.30 6.70 7.70 1.80 6.90 2.60 9.40 4.60 6.40 0.50 2.40 97.20 6.00 7.90 2.70 3.70 2.50 
6.40 6.40 3.60 1.50 6.60 1.50 2.10 8.40 0.90 9.50 5.20 5.70 0.10 2.70 6.00 2.00 85.60 3.10 9.00 8.20 2.50 
8.80 4.60 8.30 1.20 7.00 4.30 9.10 4.90 3.20 1.60 6.60 9.70 0.40 8.10 6.30 7.10 5.40 39.90 8.10 0.10 5.10 
9.00 0.20 3.10 0.20 7.50 8.70 3.30 6.50 7.00 1.10 0.50 6.80 4.60 1.70 9.10 8.90 6.00 9.20 87.30 2.90 5.80 
7.00 3.30 9.10 8.50 5.70 9.70 3.70 9.00 9.90 8.80 8.00 5.30 7.10 3.40 2.80 5.90 2.00 4.50 8.10 98.30 5.00 
