0.10 2.90 1.90 9.20 7.00 8.00 3.70 4.30 0.90 4.70 6.60 9.40 3.90 0.30 0.30 8.80 4.00 9.30 8.70 8.10 2.50 
4.10 95.20 1.20 2.10 6.30 3.20 6.70 4.40 1.50 6.90 4.60 4.40 8.90 9.00 1.40 2.10 2.70 0.90 3.00 7.50 7.50 
7.60 6.60 23.10 8.00 5.40 7.10 2.50 4.20 0.40 0.30 3.50 5.70 1.50 5.60 7.20 4.70 7.50 1.70 1.40 4.50 6.30 
5.80 8.60 5.30 62.40 0.70 8.10 3.30 8.90 0.80 6.10 1.70 7.40 9.20 4.90 2.80 1.50 7.50 2.20 7.20 3.00 5.70 
8.10 4.50 6.60 5.30 59.20 4.10 7.00 5.80 3.80 8.50 1.60 2.40 3.90 9.20 8.30 7.20 7.70 7.20 3.20 3.80 4.20 
0.60 8.20 9.10 8.60 5.00 91.80 0.90 2.20 4.80 1.80 5.50 4.50 8.40 0.80 8.90 7.80 7.90 4.70 1.60 6.40 1.50 
9.30 5.50 0.70 7.60 7.90 8.50 30.10 1.10 7.50 9.50 6.90 1.00 8.60 5.60 1.20 5.70 1.70 8.60 5.70 3.50 4.10 
0.30 7.20 4.90 9.20 5.00 8.00 4.00 1.80 9.70 5.50 1.10 0.40 1.50 4.00 8.40 0.00 9.30 4.70 2.70 8.80 1.70 
3.70 7.40 7.30 0.10 8.30 9.00 8.70 4.10 77.70 2.80 9.60 0.10 3.00 8.80 0.30 1.00 8.00 2.20 5.90 3.60 8.50 
6.40 0.30 7.70 0.00 5.50 7.00 4.70 8.20 5.80 96.40 7.20 8.50 3.70 7.30 6.80 7.90 6.10 6.10 0.90 8.90 5.70 
1.00 1.90 4.60 6.60 8.20 7.80 8.80 4.10 6.60 2.50 35.70 6.90 0.30 5.70 2.40 2.50 0.50 0.70 8.40 6.90 3.10 
6.90 5.90 0.40 8.90 9.00 6.50 5.10 5.10 0.70 0.80 6.20 7.80 0.60 2.80 6.00 8.50 6.80 5.40 5.10 4.50 1.10 
2.10 0.00 6.90 4.50 2.60 2.60 0.40 6.20 9.50 3.50 3.10 0.60 54.00 2.00 4.90 5.70 2.30 0.00 1.60 3.20 1.40 
9.50 9.00 4.20 0.70 7.50 6.20 1.30 7.90 6.00 7.70 0.00 6.00 4.60 49.70 3.80 2.40 5.40 0.00 7.10 8.90 3.10 
7.80 8.10 0.40 7.90 9.10 2.70 7.90 0.70 1.10 9.40 5.40 0.20 8.80 1.40 32.90 0.30 7.90 0.80 6.30 5.60 6.00 
7.50 5.40 1.00 1.40 7.80 6.40 1.40 5.00 5.30 9.80 8.00 8.70 5.40 5.90 7.80 53.30 3.80 3.70 4.50 8.40 4.40 
9.90 7.30 5.80 2.80 2.80 3.70 8.90 9.10 4.60 4.90 1.80 0.00 5.90 3.20 7.90 2.30 79.90 2.90 2.90 9.70 0.90 
1.60 0.30 2.00 4.60 3.60 5.80 8.30 3.30 9.50 2.70 3.20 2.00 3.70 1.30 4.80 2.70 0.20 99.10 7.30 0.30 0.90 
2.50 6.30 4.20 0.40 3.80 9.30 8.50 1.90 4.20 4.60 8.70 4.50 6.60 3.30 8.10 7.70 6.90 1.50 87.20 4.80 9.90 
9.20 3.80 1.20 4.00 6.50 1.40 3.10 9.00 7.00 9.20 1.50 3.30 8.60 7.20 2.30 7.90 5.70 9.50 2.10 50.40 8.20 
