81.80 2.20 6.80 5.20 9.90 8.90 1.90 7.10 8.90 1.80 1.50 2.70 8.30 5.50 4.40 4.90 3.80 3.40 1.90 8.30 0.20 
0.40 86.90 7.40 2.80 4.90 8.30 2.30 2.20 3.90 5.70 9.30 6.20 2.50 4.50 1.30 6.60 6.40 3.70 5.60 3.40 5.20 
8.30 1.70 56.00 8.00 6.70 5.00 6.60 8.60 3.30 6.80 9.10 0.30 9.40 7.10 0.40 7.80 4.60 7.80 1.70 5.50 7.10 
7.90 3.30 6.80 49.30 9.90 8.40 8.20 5.50 1.90 3.40 9.10 8.80 9.40 7.10 0.70 9.70 8.90 9.40 3.00 5.80 3.70 
8.50 0.40 6.00 8.90 38.20 5.80 2.00 0.00 1.30 9.10 3.10 4.60 1.20 7.60 4.60 9.60 5.80 5.30 6.70 4.50 4.40 
5.60 9.10 6.70 6.30 8.80 0.90 0.90 1.90 1.90 9.80 5.60 2.30 5.80 9.80 0.60 1.60 1.80 5.80 8.20 6.10 4.10 
2.80 7.30 1.80 2.60 7.00 2.80 78.00 3.70 7.30 7.60 4.50 6.50 9.60 0.90 5.30 0.50 7.00 2.40 2.40 6.90 3.30 
4.70 2.70 3.10 0.50 9.60 4.90 6.30 47.80 1.00 5.70 5.80 3.60 7.50 8.50 5.80 0.30 6.50 4.70 2.90 4.10 9.30 
9.40 3.70 5.40 9.90 9.40 2.40 7.60 1.80 74.50 0.90 1.80 2.50 9.20 2.30 2.10 4.10 3.90 5.10 0.30 9.60 0.90 
9.10 2.30 9.40 4.90 7.80 1.10 9.70 5.90 5.30 59.00 5.30 4.20 9.60 0.50 8.90 7.20 3.30 0.70 1.80 9.40 7.70 
4.30 8.60 5.30 1.60 7.90 9.20 6.70 8.20 4.00 2.80 7.40 1.50 2.30 7.50 4.50 3.40 7.20 0.50 3.90 1.40 1.00 
3.40 1.00 1.50 2.30 3.50 0.00 8.20 5.30 9.40 6.00 9.60 3.20 1.30 1.20 1.10 5.70 3.10 9.40 4.90 5.90 2.00 
1.60 3.40 9.50 6.10 2.10 2.00 6.60 1.20 8.60 7.70 4.60 4.90 94.40 2.10 8.40 4.50 5.60 3.70 9.10 1.60 8.50 
2.40 8.10 4.90 8.70 9.00 8.00 8.10 9.10 9.10 5.30 0.70 2.60 0.10 26.80 4.70 7.30 8.70 1.10 5.90 6.40 1.00 
0.80 6.00 3.10 4.40 5.70 8.70 3.30 4.90 5.50 1.80 2.50 8.80 6.70 1.20 97.80 9.90 4.60 6.90 9.10 5.10 2.80 
6.90 0.40 9.70 6.80 7.70 8.40 7.90 8.90 0.00 8.90 4.90 6.00 7.30 9.40 1.80 11.20 2.70 1.90 2.00 4.60 9.60 
0.80 6.50 6.00 3.90 1.70 0.60 6.00 0.80 1.00 8.90 2.90 1.40 3.80 9.70 9.20 7.40 72.80 8.10 7.40 1.80 3.00 
8.60 4.30 7.60 5.60 5.50 0.40 2.70 2.70 0.20 7.50 3.60 1.90 3.60 2.70 3.60 9.40 8.70 64.40 0.40 7.60 7.30 
1.90 6.60 2.20 6.30 4.00 5.10 9.60 6.60 2.10 7.80 0.50 6.40 5.50 6.10 7.10 1.10 4.10 9.90 51.30 1.60 8.70 
3.20 0.40 1.40 2.10 9.90 0.10 6.50 5.50 3.00 9.10 2.60 9.60 6.50 8.90 3.70 1.60 3.70 0.30 8.90 61.60 0.80 
