0.50 2.30 2.20 7.70 8.60 1.50 2.80 5.10 8.30 1.50 8.30 8.80 2.90 5.60 3.90 8.20 2.20 9.40 1.20 6.50 2.10 
0.90 38.20 6.20 4.60 5.10 0.00 0.10 4.00 6.80 6.20 4.60 4.30 3.60 7.50 2.90 0.30 0.30 8.00 8.60 1.80 1.50 
2.60 9.90 87.20 6.50 8.10 4.60 6.00 9.40 6.30 8.10 5.50 4.50 4.30 5.30 9.60 9.50 5.40 8.90 6.30 6.80 3.50 
5.80 5.60 1.00 18.70 5.90 6.50 6.70 4.60 8.30 8.30 7.20 3.40 0.70 3.80 1.50 5.30 5.00 0.90 1.60 8.30 6.40 
6.10 7.80 6.90 1.00 7.40 2.40 9.90 8.90 4.40 3.40 4.80 0.10 9.60 3.50 6.00 6.10 5.50 5.80 9.60 9.00 3.10 
3.00 9.70 2.10 9.70 5.00 62.30 5.90 1.80 0.60 7.50 3.10 8.40 4.50 4.10 1.00 6.90 4.00 0.00 6.50 2.60 0.00 
6.60 7.40 3.50 2.70 8.70 4.20 53.70 8.30 3.20 6.80 6.50 2.90 4.10 6.30 3.10 6.40 2.20 4.90 7.00 4.90 8.10 
0.70 9.40 2.20 1.70 1.50 1.50 1.70 68.10 9.30 1.70 4.70 6.80 0.50 2.60 5.50 4.70 6.40 9.10 3.20 8.40 5.60 
6.10 7.80 7.10 4.50 4.20 4.50 9.40 6.50 59.50 2.70 7.20 8.90 0.20 8.90 0.50 1.70 5.90 8.60 1.00 2.80 8.50 
3.00 8.50 6.40 8.60 8.50 8.00 7.70 1.70 6.40 38.50 3.00 4.20 0.90 7.50 3.70 5.40 2.20 0.20 0.10 4.90 2.60 
9.10 5.10 6.70 4.80 2.00 2.60 8.60 8.30 0.70 7.10 21.30 9.20 8.70 5.10 2.90 6.70 8.00 4.60 3.20 6.60 7.70 
2.60 2.70 0.40 6.30 8.10 2.60 1.70 3.50 2.80 4.30 7.80 3.10 1.10 2.60 0.40 8.90 1.20 8.70 9.60 3.50 5.20 
4.10 7.50 0.40 7.00 4.20 8.40 1.70 7.40 0.20 4.60 5.30 2.90 45.00 1.60 6.30 2.90 8.60 9.80 5.70 2.90 7.60 
8.80 4.00 5.40 9.20 3.00 1.80 3.10 7.80 0.50 8.40 1.90 8.00 4.00 74.20 2.30 7.60 5.90 4.90 3.10 5.70 0.20 
6.00 5.90 7.10 7.50 8.80 5.70 7.30 4.50 3.80 0.10 8.60 3.10 5.50 3.00 41.30 7.30 6.20 9.10 7.90 9.80 6.30 
5.90 9.00 0.50 8.20 6.60 1.60 8.40 9.70 7.30 8.60 1.00 8.40 0.90 8.50 7.30 71.80 1.10 7.00 5.70 1.20 0.80 
8.80 6.80 3.90 0.10 9.30 5.30 4.40 2.40 5.10 5.90 8.40 9.30 6.40 1.80 5.90 3.20 0.20 0.90 5.70 4.10 1.90 
4.20 0.20 5.60 1.50 2.10 6.70 3.70 3.00 3.20 4.60 1.80 5.20 8.50 7.10 4.50 9.00 6.70 7.00 4.10 2.70 0.60 
8.60 4.30 7.60 4.50 7.60 7.90 0.60 8.50 7.20 7.70 2.70 7.40 8.60 9.40 4.70 5.30 3.20 7.70 13.70 3.00 4.70 
8.90 1.50 7.00 8.70 0.50 3.80 0.90 9.80 1.70 1.50 8.40 1.20 9.10 8.10 4.00 2.20 4.00 2.60 4.60 41.70 0.50 
