82.10 5.50 0.00 6.80 0.90 8.40 9.80 9.80 1.40 4.50 8.80 8.10 1.60 2.70 3.80 0.60 3.60 8.80 7.50 0.30 2.40 
8.70 64.60 5.70 2.80 6.90 9.70 5.40 6.70 6.70 1.10 8.80 2.20 1.10 0.90 8.30 4.70 0.70 8.20 1.30 0.40 2.20 
9.40 2.00 40.10 8.40 7.80 3.70 7.20 5.30 9.20 9.60 4.10 3.80 5.40 2.10 5.90 5.10 2.70 2.70 7.00 3.80 6.70 
9.30 0.20 2.80 2.80 4.90 3.50 1.00 1.50 9.20 8.40 0.90 6.40 8.50 4.60 4.30 7.40 1.80 4.80 6.60 1.50 4.10 
5.70 2.10 6.20 6.80 52.40 4.10 9.50 9.50 8.00 1.50 4.00 8.20 4.30 6.80 8.30 3.10 3.10 9.80 2.30 6.70 6.00 
3.90 5.30 0.60 8.20 2.70 22.40 3.10 4.60 9.10 2.40 0.30 6.40 8.70 2.30 8.90 2.80 7.10 3.60 6.00 8.60 7.60 
4.20 8.10 9.60 7.80 6.40 7.90 87.60 3.90 4.70 3.60 7.90 5.20 9.40 6.10 3.10 1.90 4.40 7.70 6.20 6.90 3.20 
2.70 0.80 5.60 6.80 8.80 2.70 0.40 44.90 6.50 3.20 4.30 4.60 8.00 7.30 1.10 6.00 5.00 5.00 5.90 3.80 2.90 
1.10 3.30 4.30 9.40 0.40 3.90 2.40 1.80 6.00 5.60 9.70 6.80 6.40 6.50 0.90 4.30 6.90 5.80 6.00 0.10 5.30 
5.90 3.40 2.70 2.20 4.60 2.90 2.40 0.50 1.90 5.40 6.80 0.40 4.90 6.20 6.00 4.00 8.60 7.90 0.10 9.50 7.60 
6.90 1.10 4.20 3.00 0.70 6.30 4.00 6.70 1.70 9.40 7.80 5.10 7.30 0.00 9.70 0.20 2.50 0.20 7.30 3.10 2.20 
7.80 8.00 3.60 3.80 2.00 2.30 1.70 2.10 7.00 4.60 4.30 73.30 4.00 2.50 4.00 0.30 6.60 6.00 2.00 1.20 3.80 
2.30 8.50 3.90 2.00 3.90 1.60 7.40 1.20 4.70 9.60 9.00 2.70 78.50 8.10 9.90 6.00 5.00 7.30 3.00 9.60 6.80 
1.50 3.60 9.30 5.60 9.20 1.10 6.80 6.40 2.30 5.80 8.80 0.80 4.90 30.80 9.90 6.50 3.50 6.40 1.20 8.30 5.40 
9.10 6.80 8.70 4.30 2.80 3.80 1.60 1.00 3.40 3.60 2.60 2.30 8.10 3.40 31.50 9.30 0.20 7.90 1.60 6.00 6.70 
7.70 6.20 2.80 7.60 2.70 6.30 4.00 4.00 9.80 4.70 3.10 6.70 3.40 7.40 9.50 22.40 4.20 5.80 5.90 3.00 8.40 
3.40 1.20 1.80 4.90 5.70 7.20 8.00 7.30 8.40 0.00 0.20 4.60 8.00 3.10 7.40 9.50 2.30 6.60 9.30 2.20 9.70 
6.00 5.70 2.40 0.80 8.10 1.80 6.60 9.20 4.90 0.20 2.60 1.30 7.20 2.70 7.00 4.40 6.00 79.50 2.80 6.00 5.00 
2.70 4.00 8.10 5.30 8.70 0.40 1.90 8.00 2.70 6.80 9.30 3.60 4.40 5.30 6.90 6.30 7.10 1.40 16.40 7.30 9.20 
2.90 4.50 2.00 5.10 4.10 8.00 9.80 2.10 9.20 4.80 4.80 8.40 2.90 0.10 7.10 8.60 7.20 0.30 6.50 74.10 9.60 
