59.40 4.20 1.80 1.00 6.30 9.40 5.30 3.60 9.70 0.30 0.70 7.80 2.00 2.00 6.20 1.20 7.20 6.50 3.60 6.80 2.50 4.20 4.20 9.70 4.00 7.60 6.20 9.40 7.90 7.30 9.70 
2.50 96.70 6.70 8.80 3.00 6.10 4.10 1.80 1.00 4.50 2.50 4.00 1.70 9.70 0.30 2.90 6.90 2.00 6.60 9.00 9.70 0.80 3.20 4.60 0.10 6.00 6.00 9.50 4.00 3.30 4.40 
1.70 0.00 31.20 0.50 8.20 2.50 4.70 0.00 3.60 4.40 7.70 7.60 6.10 7.40 3.10 9.00 4.40 0.30 0.80 8.60 0.10 6.90 1.80 9.90 7.00 7.80 6.00 6.50 7.00 4.50 1.00 
8.80 4.60 2.20 64.50 8.00 9.90 9.20 8.10 8.70 8.80 1.00 1.60 4.90 8.50 4.70 9.20 8.10 0.30 5.20 6.70 5.60 2.10 3.70 5.50 9.10 1.50 1.50 5.70 3.80 6.10 6.70 
7.80 5.90 4.10 2.30 43.90 9.20 6.80 7.20 8.00 5.60 3.50 9.60 5.80 2.00 9.50 0.20 0.10 9.80 5.40 2.00 5.40 7.60 5.70 6.20 6.70 7.20 7.70 7.60 6.20 9.00 9.50 
4.00 0.10 8.80 1.60 9.30 78.10 8.40 6.50 6.10 9.20 0.00 5.70 0.20 7.20 0.40 0.40 2.50 0.30 5.90 4.50 0.90 8.70 0.20 7.10 5.40 2.70 0.10 8.30 4.10 4.30 7.80 
8.20 4.50 6.70 5.00 3.80 4.80 13.40 5.50 6.10 7.80 0.80 7.00 8.10 8.00 7.40 3.70 0.60 2.90 9.60 0.30 3.90 3.50 5.80 6.20 9.00 8.50 1.50 2.50 2.60 5.90 0.30 
6.00 0.40 2.20 1.00 4.20 7.00 9.60 39.70 8.30 2.70 0.50 5.30 0.80 3.80 2.80 4.50 9.60 0.90 9.40 9.90 4.80 2.90 5.70 6.30 7.10 9.40 7.80 9.60 7.30 8.90 5.20 
3.30 9.30 7.40 9.60 8.70 9.70 4.40 3.70 78.00 7.10 9.40 3.40 7.90 3.20 1.40 7.70 2.80 2.30 2.30 8.00 2.40 0.40 8.90 8.70 7.60 8.40 1.70 2.40 5.70 0.70 7.60 
4.20 5.20 0.30 9.00 4.00 0.00 3.50 7.70 8.00 60.60 7.10 6.60 3.80 5.60 8.00 6.70 3.60 5.60 9.00 6.80 8.00 9.40 5.80 1.90 2.20 9.40 8.80 4.70 0.30 9.50 7.50 
9.70 0.00 7.80 8.80 9.20 3.00 2.30 6.90 6.30 8.10 79.20 2.90 1.90 0.00 1.00 8.60 8.90 6.60 2.80 5.70 9.80 2.30 1.50 1.70 9.70 6.10 0.50 9.60 6.40 5.30 7.20 
6.20 0.50 0.20 5.00 9.70 8.50 2.50 1.80 4.80 0.60 6.20 57.70 7.80 6.30 3.90 1.60 5.20 5.70 4.50 6.10 5.50 2.00 7.70 2.40 1.70 9.00 8.20 1.40 5.50 8.70 3.80 
1.70 9.20 9.20 1.90 4.10 7.70 9.60 5.90 2.50 0.20 7.30 5.50 83.20 3.60 9.40 4.90 4.00 0.40 9.40 0.20 5.90 1.40 3.10 3.60 8.30 2.10 7.00 9.70 2.80 5.70 8.70 
9.70 0.10 8.00 6.80 9.40 5.70 6.40 5.30 3.50 1.90 2.60 9.00 5.10 51.50 3.60 5.20 0.70 4.00 4.60 6.10 5.20 1.20 4.40 8.80 9.60 1.80 1.00 4.50 4.60 1.90 3.30 
9.60 2.00 6.50 6.40 6.60 2.20 2.90 1.90 0.90 4.80 9.70 5.10 5.10 6.40 88.80 0.40 7.20 2.80 0.20 8.50 3.20 1.50 3.00 7.20 6.30 4.80 8.20 6.00 4.60 0.10 4.50 
4.20 7.30 1.00 0.70 3.90 8.50 3.60 1.00 9.40 3.60 6.00 4.60 3.90 2.40 8.60 84.30 4.80 6.60 9.80 3.40 9.90 1.30 1.60 7.10 2.80 6.40 0.60 8.80 1.00 0.70 3.40 
0.50 3.30 4.40 1.20 7.20 8.10 0.00 3.50 7.60 8.80 9.50 7.40 2.70 7.10 6.00 2.30 2.00 2.60 7.30 0.60 2.50 8.60 2.20 4.90 6.60 3.80 5.50 0.60 0.00 1.40 9.20 
0.50 4.70 8.90 6.90 7.20 7.00 2.10 0.70 4.60 0.90 5.40 2.00 8.90 2.50 3.20 6.40 9.70 25.90 3.70 5.50 8.40 7.50 2.90 3.30 9.30 6.70 4.00 9.90 2.00 5.50 9.20 
2.50 0.20 3.30 4.70 2.60 0.30 6.80 3.30 0.20 3.00 3.90 7.40 1.90 1.70 0.70 3.50 1.40 6.60 47.20 2.20 0.20 9.90 5.10 8.80 9.20 7.10 2.80 9.10 9.10 3.50 3.50 
6.80 3.80 6.80 1.50 6.40 7.20 3.60 5.00 2.60 6.60 4.10 0.00 3.70 5.80 0.70 7.20 2.50 2.50 4.40 94.70 2.80 4.30 5.00 1.60 3.50 2.10 9.60 7.80 1.20 3.20 1.40 
8.10 2.20 3.40 4.80 3.80 5.80 8.40 4.00 8.40 0.20 8.20 8.50 3.90 9.20 4.40 1.10 1.70 7.00 0.70 1.60 59.80 0.20 6.70 6.60 8.90 4.00 1.40 6.80 5.30 4.60 3.40 
8.60 2.00 6.80 8.60 5.90 2.70 2.30 5.10 6.30 2.50 3.30 4.80 6.50 2.60 9.30 7.60 9.50 6.30 8.40 6.40 1.30 63.80 3.10 7.90 2.80 7.10 4.50 9.60 7.60 4.40 3.00 
1.40 6.40 5.00 5.30 7.50 2.90 7.60 2.70 9.30 5.30 1.20 9.30 1.80 9.00 8.60 4.70 8.60 0.10 8.30 5.00 1.40 2.10 73.30 4.50 4.90 5.60 4.30 4.50 8.50 8.70 2.70 
5.10 5.10 3.00 0.40 7.90 1.10 3.20 5.80 0.40 8.60 7.00 5.00 0.40 6.10 3.60 0.30 9.90 9.00 8.60 0.10 5.60 0.80 8.60 85.40 0.90 9.40 9.70 0.70 7.90 8.40 8.60 
8.30 8.70 1.60 3.90 1.80 2.80 7.20 7.60 8.40 5.80 4.70 3.40 1.40 6.00 2.30 7.00 1.10 6.50 5.60 6.40 2.10 1.60 0.20 2.70 32.60 9.60 7.60 8.50 2.80 1.20 7.10 
1.10 0.00 4.00 0.20 7.00 2.00 7.40 4.70 0.40 8.40 4.60 9.10 5.10 0.60 6.60 2.10 6.90 3.10 2.90 3.30 0.40 4.60 3.50 3.20 2.40 18.30 0.80 0.90 1.10 2.10 3.20 
7.40 7.30 7.20 7.70 4.30 9.20 0.30 4.20 9.70 8.80 8.80 4.00 9.10 9.40 0.60 1.20 1.50 8.90 4.10 4.80 9.30 3.90 3.50 7.70 1.50 1.90 48.60 7.60 8.20 5.90 0.90 
5.70 8.40 8.10 8.60 2.70 2.60 8.90 2.20 7.50 7.70 1.00 1.50 6.80 5.70 7.30 3.20 7.20 6.20 2.60 7.30 0.70 1.70 0.80 8.50 3.30 7.90 2.30 96.10 1.40 8.20 7.00 
7.10 6.60 0.40 0.90 4.50 3.00 9.80 6.70 0.50 2.80 7.80 7.20 4.80 8.70 4.50 8.10 5.90 5.90 5.90 8.40 6.60 7.60 4.50 5.10 0.90 2.40 7.40 7.10 53.80 5.60 9.30 
6.10 7.40 4.90 7.00 7.20 7.90 2.10 9.10 3.60 4.90 2.10 0.80 9.70 0.80 0.50 3.00 6.80 6.40 8.90 5.20 3.10 6.60 9.70 8.20 2.70 7.40 0.90 5.00 6.40 61.70 9.60 
