67.80 9.20 4.50 0.00 1.60 2.50 2.10 0.70 1.30 2.20 2.90 7.40 2.00 3.70 7.90 0.20 5.70 9.60 9.20 6.20 2.70 5.80 5.90 6.10 3.70 8.50 7.00 8.80 0.20 4.00 8.40 
8.00 43.20 2.90 8.00 0.00 0.60 5.40 0.70 7.20 7.60 3.60 4.60 4.80 7.40 7.70 5.10 3.10 7.30 9.50 9.30 0.00 0.50 0.50 1.40 4.20 4.20 3.60 8.20 4.40 7.60 1.80 
2.40 6.00 0.00 5.70 6.00 0.60 1.10 6.80 3.00 3.90 5.60 7.60 8.80 3.00 5.40 9.10 1.40 2.70 3.80 5.90 8.00 4.30 1.60 4.60 8.50 5.90 8.20 2.00 0.30 1.10 3.80 
8.00 7.10 3.80 48.90 8.40 9.70 0.00 0.40 2.70 9.10 6.00 0.40 3.10 9.10 1.00 7.40 5.70 8.90 1.20 1.60 6.90 5.50 8.50 1.50 9.30 4.40 5.00 1.30 9.90 6.10 0.30 
3.10 3.20 4.20 2.00 16.80 9.10 7.20 7.20 1.80 1.60 3.30 7.40 4.70 7.60 3.60 2.20 3.30 2.60 3.40 0.10 9.50 4.20 8.60 6.30 8.70 8.20 1.30 0.00 3.40 7.40 5.50 
1.70 5.80 4.90 3.80 2.70 24.00 6.20 5.10 5.90 7.80 8.40 8.50 7.80 6.00 2.20 0.00 4.50 4.80 8.60 4.70 9.50 8.00 8.50 5.80 6.70 2.00 2.30 1.90 0.60 9.70 7.50 
2.30 0.80 2.40 1.30 8.70 6.50 47.60 3.80 7.60 0.60 2.30 1.30 8.40 3.50 3.50 3.60 8.10 3.50 7.50 8.00 3.10 5.50 1.70 4.10 2.30 3.70 6.50 9.40 9.50 6.20 6.90 
1.90 2.20 4.60 3.20 0.90 6.30 6.00 64.80 3.90 6.70 2.30 5.20 0.30 5.80 4.00 4.00 3.90 7.50 6.70 1.90 0.60 2.20 3.70 4.80 9.70 2.60 6.50 4.40 2.20 2.70 1.30 
9.30 0.20 1.10 2.50 1.10 7.40 3.80 1.10 11.30 5.70 3.40 1.80 1.20 9.30 1.00 0.40 8.40 8.50 7.10 5.60 4.40 4.60 9.30 4.40 4.30 7.10 0.90 3.90 4.50 8.80 5.30 
3.80 9.00 6.40 1.60 5.40 9.10 5.40 6.50 0.40 16.30 0.00 7.40 7.50 4.50 8.40 8.00 2.90 2.20 5.10 8.50 6.60 9.70 3.00 6.20 9.30 5.40 7.10 3.20 9.90 1.10 3.70 
3.80 0.20 5.40 0.60 0.80 4.50 1.20 7.30 0.10 7.50 2.50 2.80 0.20 7.00 6.40 8.20 0.00 8.60 8.60 3.70 0.40 3.50 6.80 6.60 8.00 2.20 8.90 6.50 7.30 0.10 5.40 
6.30 5.50 0.80 6.90 6.30 0.50 8.10 8.80 5.90 0.80 1.40 83.90 6.30 8.40 0.30 4.50 3.60 9.00 8.30 7.40 4.60 7.10 9.40 1.30 5.10 6.80 5.40 6.80 9.30 5.50 2.30 
5.70 6.20 8.30 7.80 7.70 4.10 1.20 6.60 0.00 2.00 8.00 3.90 18.30 1.60 9.40 8.10 0.50 8.40 1.60 7.90 3.10 8.70 2.50 9.60 9.10 4.50 5.00 5.90 3.80 5.80 8.20 
9.50 7.20 6.60 7.40 5.00 0.70 8.60 6.80 5.90 5.80 0.00 5.00 9.40 71.60 4.40 2.70 7.30 8.10 4.30 5.20 6.40 3.10 2.90 1.20 2.20 7.40 6.20 8.10 1.30 7.20 1.60 
0.80 4.50 3.40 3.40 4.70 9.30 7.20 1.50 5.20 3.10 1.50 5.40 7.70 8.30 29.80 0.40 5.70 3.10 4.70 6.10 9.50 3.00 9.10 5.90 0.40 1.70 2.20 3.80 3.00 4.60 5.40 
9.10 4.30 4.00 7.70 9.00 3.30 5.00 0.50 3.70 3.30 7.20 9.10 1.00 0.80 4.10 56.60 1.70 2.50 6.50 3.00 7.20 9.60 7.30 3.20 0.00 9.10 0.60 9.00 7.30 5.20 9.60 
6.40 9.60 3.60 9.40 8.60 6.90 4.40 4.40 0.60 2.90 6.80 4.90 3.90 2.80 4.30 0.50 84.50 6.80 7.00 2.80 9.20 1.80 0.10 2.40 7.10 9.20 3.00 6.10 1.80 8.30 5.80 
3.40 3.10 9.40 2.80 1.70 1.60 7.20 1.30 7.40 5.30 3.40 7.60 9.20 6.20 7.10 4.90 6.00 59.10 7.20 8.80 8.30 4.20 8.90 0.80 1.30 3.40 3.80 2.70 0.40 7.30 3.70 
3.80 0.40 8.30 6.70 7.40 5.10 9.10 3.90 2.60 4.50 7.30 5.40 8.90 3.60 2.50 9.10 9.60 1.60 96.30 3.60 9.90 5.70 7.70 0.70 2.30 1.10 9.80 5.00 1.50 7.10 3.90 
0.60 2.80 2.20 7.30 5.40 2.60 1.60 9.30 5.20 6.10 6.70 0.60 0.30 0.30 3.10 9.40 5.10 4.70 0.90 23.90 9.80 6.60 1.60 0.60 8.90 8.00 5.60 9.10 4.70 7.90 8.20 
5.30 0.70 5.70 7.80 6.10 8.30 9.50 5.50 8.70 0.80 7.40 9.30 1.10 2.90 7.60 0.50 8.00 7.50 6.60 7.10 77.30 3.30 8.70 3.10 7.40 1.90 8.70 1.80 6.70 6.70 5.20 
7.20 7.40 0.90 5.10 8.80 9.20 9.80 9.50 7.90 0.60 6.90 2.40 1.80 9.80 5.20 7.50 3.00 2.70 4.20 0.10 0.10 62.70 4.00 8.40 5.30 6.00 7.20 2.30 7.90 3.90 7.60 
5.10 6.50 8.50 5.40 0.50 3.00 5.20 0.00 6.10 5.90 6.90 3.80 2.90 6.70 9.00 5.60 4.90 1.80 5.00 5.00 7.10 7.70 89.10 5.50 8.30 0.30 7.90 0.60 8.20 7.00 8.20 
3.30 8.80 2.00 8.80 9.30 0.20 9.20 4.60 6.30 5.10 6.70 0.10 3.20 3.50 4.40 8.90 3.60 6.20 3.90 8.70 8.50 6.90 3.00 89.20 5.20 3.30 7.20 1.00 1.50 9.40 4.50 
0.00 8.20 1.70 4.00 2.80 1.90 3.30 7.40 3.40 3.60 4.10 8.80 6.90 2.80 3.20 1.00 6.50 4.60 0.10 0.40 3.10 7.00 3.40 7.50 17.40 1.90 4.70 8.50 3.40 9.40 8.20 
8.60 7.60 9.90 2.70 0.40 1.80 1.20 3.00 0.40 0.00 7.20 9.20 6.90 5.20 7.60 3.10 1.70 2.20 3.30 2.10 0.50 5.50 0.70 8.10 3.00 52.60 8.00 6.70 1.20 7.40 4.90 
9.90 5.10 0.00 7.80 0.70 1.80 4.20 3.80 7.40 4.20 6.20 6.70 6.40 1.40 4.30 9.50 8.40 6.60 8.00 5.70 2.30 3.60 6.50 0.40 1.80 4.30 48.50 8.50 5.60 1.10 8.60 
0.70 1.40 8.60 3.70 2.20 5.60 7.90 1.20 3.00 2.10 7.40 4.90 3.70 4.00 9.30 8.50 2.40 1.10 6.50 8.20 8.60 5.30 9.90 9.10 7.10 4.20 2.80 30.80 9.80 3.90 4.60 
5.70 5.40 8.40 9.40 2.80 9.20 7.30 4.00 2.30 4.70 6.60 2.40 3.60 0.60 1.70 2.10 3.10 8.00 3.90 6.50 6.70 9.20 6.40 1.00 1.60 0.60 9.00 7.60 75.70 2.90 7.50 
6.60 3.50 5.90 6.10 1.50 5.20 8.60 5.50 2.70 8.50 7.30 5.10 2.20 8.00 2.10 4.30 6.30 5.30 3.40 2.80 7.20 7.90 9.20 3.40 9.50 5.00 2.40 2.30 5.90 10.60 9.80 
