82.60 4.10 1.00 8.70 5.70 1.40 2.50 6.40 4.10 1.10 3.80 4.40 3.30 1.80 6.50 2.80 3.30 7.10 6.30 6.10 4.30 9.40 0.50 7.80 8.90 0.70 0.20 6.40 6.70 6.00 1.50 
4.50 80.20 7.70 8.40 1.10 9.10 0.90 7.50 8.40 7.20 6.50 2.80 0.50 3.50 4.60 8.60 6.80 1.70 0.10 2.90 1.20 9.50 8.60 4.20 3.60 9.40 9.70 5.20 1.30 5.70 6.70 
5.80 5.90 94.40 4.20 2.20 3.50 0.30 9.80 7.10 7.60 1.50 0.00 3.30 5.10 4.60 1.90 1.90 1.50 7.20 0.10 7.90 6.70 8.70 2.20 5.50 3.30 1.90 0.80 4.60 7.60 7.50 
0.40 8.80 7.20 69.80 1.00 5.90 5.40 6.00 3.10 3.00 7.60 3.10 6.30 2.70 2.90 3.50 9.80 9.60 0.70 9.90 7.50 2.70 8.70 9.70 8.20 2.00 6.80 9.00 6.70 9.70 1.80 
2.30 8.50 9.00 7.40 14.70 4.90 2.80 6.00 3.20 1.00 8.80 1.50 2.50 1.50 9.60 6.00 6.50 9.20 2.00 6.50 2.00 4.70 5.20 1.70 8.10 2.40 3.80 2.40 4.30 3.50 4.20 
1.90 2.00 8.40 9.30 1.90 68.50 7.30 7.90 1.80 8.30 6.70 3.30 0.80 3.40 3.00 2.10 0.00 2.20 4.10 6.50 9.40 4.00 6.90 6.40 7.30 9.30 0.20 9.70 8.90 3.70 9.10 
0.80 0.90 7.50 0.10 8.00 6.10 92.60 6.00 7.90 0.90 7.90 6.40 6.90 1.40 9.40 9.00 6.60 6.90 8.30 8.30 6.30 7.50 5.20 2.70 4.90 9.70 8.10 9.80 8.60 1.80 9.00 
9.40 7.90 6.50 4.70 6.00 7.80 7.30 72.00 5.70 8.20 5.10 2.20 0.40 6.50 6.80 9.40 8.30 3.70 3.00 6.60 5.30 0.50 7.00 3.20 0.60 6.80 1.40 0.50 0.60 8.40 9.50 
0.10 6.40 1.20 0.00 2.40 9.10 7.40 9.60 40.00 0.80 4.70 7.40 1.20 6.50 4.30 5.90 4.80 3.20 4.10 6.70 3.70 9.80 3.70 7.00 0.50 5.70 8.40 1.00 6.40 6.80 5.70 
1.70 8.40 6.90 1.70 0.80 1.20 4.30 5.60 1.30 65.20 5.60 8.70 1.60 2.10 3.00 2.70 2.10 1.50 2.00 8.80 5.20 1.90 7.80 2.20 2.40 3.50 5.80 8.60 9.90 2.70 4.30 
1.60 1.10 6.40 8.60 7.20 7.70 2.90 2.80 9.00 3.30 13.60 7.70 0.20 5.70 6.00 8.10 3.10 7.50 0.20 7.10 2.70 2.10 4.90 5.00 9.70 8.50 6.00 8.30 3.60 8.70 2.60 
0.50 5.10 9.00 9.10 7.50 1.90 2.00 5.50 0.90 0.60 9.20 33.90 0.80 0.10 9.90 8.90 3.20 7.40 9.10 5.60 5.30 6.40 0.50 5.50 6.10 4.20 1.60 4.40 3.10 5.50 2.20 
3.60 0.60 6.50 2.70 3.30 8.40 9.90 8.90 4.60 5.70 8.10 8.50 86.50 8.20 8.40 0.70 6.70 1.00 9.80 2.30 1.50 1.50 8.00 7.10 7.60 7.50 3.90 7.30 0.60 9.40 9.50 
4.20 5.30 1.20 2.10 8.60 4.90 7.20 2.70 9.50 3.00 0.80 8.00 4.70 14.30 1.60 5.40 1.00 7.80 0.50 8.50 9.30 2.00 6.50 1.60 4.80 9.20 0.70 2.10 9.80 5.40 6.90 
9.20 0.70 8.10 6.50 4.50 3.00 3.80 7.30 2.50 2.00 8.10 5.70 1.90 7.60 17.30 7.40 3.80 0.30 3.10 2.30 4.90 0.30 4.10 1.70 5.10 3.30 2.50 7.30 3.20 7.90 4.20 
7.60 3.80 2.30 4.20 8.30 0.60 3.20 0.80 3.10 0.40 4.20 4.10 2.30 1.80 1.40 74.90 5.70 7.00 3.20 8.00 1.90 3.50 7.30 8.80 8.70 0.70 6.50 6.00 9.10 4.40 5.40 
6.70 3.40 7.70 6.10 1.80 3.50 4.50 2.60 6.70 4.90 2.00 0.80 2.50 3.90 7.40 7.40 99.60 9.60 5.90 2.80 6.70 9.40 5.40 5.60 8.10 6.10 2.10 9.30 0.40 1.80 4.70 
2.30 5.20 7.70 8.50 2.20 1.20 3.00 0.10 7.90 3.20 2.10 3.90 5.70 6.00 6.60 8.30 0.80 66.20 4.20 8.90 3.00 3.70 4.30 8.60 7.00 5.60 5.90 6.40 1.20 7.70 1.10 
3.50 3.00 8.80 7.20 0.40 0.10 5.50 0.50 3.20 8.70 2.70 2.40 4.40 3.90 9.00 7.90 4.80 5.20 47.40 8.90 8.20 1.10 8.40 2.00 3.30 4.00 8.00 9.70 5.20 0.90 6.10 
3.90 9.10 4.90 1.20 9.60 0.20 6.70 0.10 3.50 5.40 8.00 1.10 5.00 2.00 0.10 8.10 2.00 5.30 5.50 80.90 8.80 1.80 9.30 6.00 5.20 8.50 9.20 4.90 8.90 5.40 6.20 
2.80 4.50 1.20 4.00 4.10 6.60 0.70 9.50 5.30 1.30 7.50 6.40 1.50 4.70 6.50 9.70 1.90 7.10 5.20 2.80 41.10 7.10 7.30 7.10 2.30 1.00 1.60 2.40 9.90 7.00 8.70 
8.00 1.50 5.10 2.00 0.90 1.70 8.00 5.60 2.30 4.50 8.30 8.70 6.10 3.10 5.30 5.80 5.00 7.60 1.00 3.10 8.70 23.30 5.60 1.00 0.80 1.90 2.60 3.30 7.00 4.80 7.20 
5.00 1.60 2.30 2.30 2.50 9.20 5.50 8.10 1.50 0.00 6.40 5.50 1.30 4.70 6.00 2.30 5.00 3.60 8.60 3.30 7.50 1.90 38.90 8.50 2.80 0.80 6.40 1.30 3.10 6.40 8.50 
8.10 8.00 6.00 0.40 0.50 0.40 1.10 3.80 2.00 1.20 5.50 2.70 7.70 0.20 8.70 0.10 5.20 2.30 8.70 8.50 9.80 0.60 2.70 43.50 8.60 8.70 5.10 9.90 1.80 1.60 3.60 
5.20 9.60 9.60 0.80 5.40 0.10 2.00 9.20 7.30 8.40 9.90 0.00 6.10 0.20 3.90 6.20 0.60 6.20 4.90 4.40 1.20 0.80 2.30 4.70 59.40 6.20 9.90 9.40 3.30 6.70 3.00 
8.50 6.30 7.90 9.30 6.90 3.20 1.30 1.40 5.70 9.70 1.30 0.90 1.10 6.70 4.80 7.30 7.40 1.00 7.50 7.00 7.40 8.30 4.50 2.10 2.90 0.70 7.20 7.50 4.00 3.90 0.60 
7.70 5.50 3.70 7.10 2.40 6.90 3.60 3.80 7.80 8.60 0.40 8.70 9.70 7.10 3.50 2.20 9.70 9.70 9.70 6.70 7.10 3.20 6.40 4.40 6.20 2.40 26.90 8.90 6.40 0.80 9.50 
4.20 1.50 8.40 6.50 9.20 0.50 0.10 8.20 8.30 8.70 8.60 7.00 3.60 5.80 5.70 5.90 5.50 5.40 0.80 7.50 7.70 9.30 3.90 2.20 5.50 1.50 9.10 19.60 8.00 5.10 9.20 
7.40 1.90 2.80 3.90 1.10 3.40 9.20 4.50 1.70 8.00 3.20 4.00 6.80 9.00 9.70 2.70 9.70 0.40 3.60 7.20 3.30 2.90 6.40 0.70 3.60 7.90 9.80 3.20 51.10 0.20 7.60 
3.70 7.30 0.50 7.60 3.60 9.10 2.10 8.10 0.80 5.30 1.30 4.80 2.10 5.50 4.60 4.90 0.50 0.20 3.70 2.90 3.50 1.80 9.30 4.30 0.60 2.50 9.30 9.00 8.80 4.70 6.70 
