39.90 2.20 8.00 2.80 9.00 3.30 4.10 4.10 9.10 9.20 3.50 9.70 7.60 3.30 0.60 3.10 8.80 0.30 5.50 1.20 9.90 2.70 2.20 2.60 1.30 4.50 7.00 5.20 3.40 4.60 4.10 
8.50 32.00 2.20 1.30 1.00 5.50 5.40 0.40 9.80 4.60 3.90 9.50 7.40 7.20 5.40 0.60 6.00 5.70 1.30 2.50 0.80 4.00 9.90 3.50 5.30 4.40 5.70 5.80 3.00 0.30 9.90 
1.60 2.30 27.30 2.90 8.50 8.00 8.40 8.90 7.90 8.20 2.80 2.60 0.90 5.20 8.00 6.70 6.50 8.90 8.00 9.00 5.00 7.30 8.90 3.70 7.80 8.50 9.40 3.60 1.60 4.90 8.80 
3.20 2.40 1.30 76.10 0.90 4.60 9.70 9.90 2.50 3.20 7.90 0.30 4.10 3.20 8.40 0.80 9.70 2.50 4.00 3.90 7.50 6.50 8.00 1.20 4.40 6.50 5.80 3.20 8.10 0.70 7.20 
6.50 3.10 8.60 7.90 99.30 3.20 7.60 9.20 0.90 0.80 7.10 6.40 0.10 5.50 0.00 0.90 0.40 2.60 0.20 4.30 5.30 6.70 2.30 1.80 6.30 4.10 7.60 9.60 2.20 8.40 2.00 
4.00 6.70 0.60 1.90 6.00 39.00 4.70 0.40 5.10 0.80 2.80 1.60 0.90 8.30 1.60 7.10 8.80 9.40 7.30 8.30 4.80 9.20 5.90 6.60 5.60 0.00 4.20 0.40 7.40 7.80 2.40 
1.40 9.80 8.30 3.30 5.80 2.50 3.30 6.30 7.70 4.10 4.30 4.50 5.00 2.60 1.30 2.10 6.60 0.80 4.60 0.20 0.80 9.10 6.10 7.40 4.70 6.10 6.80 0.30 3.50 9.90 2.70 
5.00 9.70 1.00 3.50 0.70 8.80 6.80 52.20 6.50 6.10 6.50 6.20 1.20 4.40 7.50 8.50 6.20 3.50 8.40 6.40 4.30 7.50 2.50 6.90 7.40 8.60 9.00 7.70 7.40 8.90 0.40 
7.60 3.80 6.70 6.30 4.50 5.50 8.40 2.00 27.20 4.50 8.50 8.60 5.70 8.10 1.30 9.50 4.40 4.90 7.90 0.80 4.40 5.40 8.60 6.60 8.00 2.40 5.60 5.70 9.80 4.50 1.30 
2.60 3.50 3.20 9.00 8.00 3.90 7.40 5.20 6.30 21.90 3.80 4.90 2.90 7.10 6.30 7.60 1.50 6.40 5.50 7.60 6.00 6.10 6.20 2.60 4.10 3.80 8.20 5.00 8.90 7.90 6.30 
1.50 1.40 9.60 5.70 4.70 3.50 3.10 9.90 9.90 0.30 78.90 0.00 8.40 6.10 1.50 1.20 2.80 3.10 6.70 5.60 9.20 8.00 7.00 1.80 7.30 0.90 5.30 2.30 9.80 8.40 8.60 
1.30 9.90 3.40 2.30 9.80 2.20 0.60 4.90 7.30 0.90 9.10 77.30 4.50 0.40 4.10 5.70 3.20 7.20 7.60 4.10 6.40 0.80 1.10 3.50 8.10 2.00 4.00 0.40 1.80 2.40 4.30 
8.40 7.50 2.90 0.70 7.30 5.10 1.30 7.50 7.60 7.50 6.60 0.20 47.20 2.20 4.30 8.20 0.60 1.50 1.00 4.70 3.20 1.90 5.90 1.90 5.20 7.90 5.90 0.90 5.00 8.30 0.40 
3.40 5.90 3.30 9.30 8.40 3.70 5.80 1.10 1.30 8.50 2.90 1.50 5.80 85.10 5.80 9.20 5.80 2.60 0.20 0.50 5.80 7.30 6.40 7.70 2.60 9.60 8.80 3.50 4.60 7.10 9.10 
3.20 8.20 2.40 2.50 1.90 6.10 3.50 3.00 2.70 2.10 1.20 4.20 3.10 6.30 35.30 2.30 2.10 7.90 7.70 7.90 8.90 5.10 4.30 1.80 2.90 3.90 0.60 1.60 3.70 2.90 0.70 
6.90 1.20 8.30 4.60 8.30 9.70 8.20 6.50 2.40 5.50 7.70 1.80 3.80 4.10 7.10 66.10 1.40 0.20 9.00 9.30 4.30 9.30 8.90 6.10 2.20 8.00 6.70 9.00 1.80 9.70 9.70 
3.90 6.10 3.30 8.60 4.40 3.00 2.00 6.10 5.40 2.70 3.90 7.20 6.50 3.20 9.60 7.80 14.60 5.00 2.00 4.00 9.40 1.40 8.10 0.70 8.80 6.10 7.50 7.90 3.10 2.40 2.80 
7.10 3.70 6.10 0.90 8.10 4.30 8.10 4.20 9.70 0.80 3.30 2.20 2.50 6.50 1.80 0.30 1.20 22.00 7.50 0.40 1.40 8.90 3.70 2.20 3.00 9.80 4.90 0.90 3.00 2.50 8.90 
0.10 6.20 0.30 6.20 9.50 4.60 4.30 8.90 9.60 5.10 2.30 1.80 7.60 4.00 8.80 3.10 0.40 6.00 10.60 6.00 2.70 4.80 9.70 0.10 7.80 9.60 5.00 3.90 7.80 2.70 8.00 
3.10 8.90 8.30 9.30 3.60 8.20 3.60 2.50 3.00 8.70 0.00 4.80 1.50 4.10 8.80 9.80 9.70 4.80 5.60 75.80 7.50 5.60 5.50 2.80 3.40 0.30 7.80 2.50 8.10 5.70 0.60 
1.20 9.80 4.10 0.50 3.40 2.30 4.10 1.20 5.30 8.00 6.40 5.30 4.70 5.70 9.30 9.70 5.50 9.40 0.60 1.30 42.10 6.20 2.00 5.00 4.90 2.40 8.00 7.40 0.50 3.80 8.00 
1.80 3.60 2.20 7.50 2.30 9.70 1.70 3.50 0.30 4.90 9.90 0.80 4.90 5.70 0.20 4.60 1.20 9.60 5.20 7.70 6.90 81.50 9.70 1.90 6.40 2.10 0.00 9.00 7.90 3.80 7.10 
9.70 2.60 4.50 2.40 4.90 4.20 9.30 8.40 9.70 4.30 3.60 0.60 9.20 9.30 0.80 9.00 5.70 5.60 4.30 3.40 2.50 1.00 43.10 9.70 2.60 0.50 9.70 1.60 8.40 8.70 3.90 
3.30 6.50 8.40 5.70 6.70 7.90 5.10 5.10 7.60 4.60 3.90 3.40 3.80 8.40 9.40 2.80 4.10 0.20 2.30 2.70 8.00 3.30 5.90 7.70 1.10 1.60 2.60 2.80 0.00 6.50 1.90 
8.50 3.00 0.40 4.20 9.70 3.50 4.50 0.10 6.30 9.10 9.20 5.00 8.10 7.70 4.40 6.20 1.80 4.70 8.50 4.60 2.70 7.10 5.70 0.40 3.40 2.50 8.20 1.40 7.70 4.70 3.40 
6.20 2.90 9.00 5.60 7.90 2.50 0.20 8.00 4.00 4.50 7.20 9.00 7.90 0.10 3.50 4.10 2.00 3.40 7.80 1.80 1.30 4.90 7.50 6.90 3.60 25.20 5.10 5.00 2.90 9.80 8.40 
9.10 7.90 7.40 9.90 5.80 5.10 0.10 9.00 4.40 9.90 6.30 3.40 7.80 6.40 2.10 7.10 3.60 0.70 4.90 5.40 2.00 5.10 8.10 8.90 8.70 3.30 44.00 3.70 1.40 9.00 2.20 
0.50 7.00 4.80 0.50 8.00 5.20 5.80 7.10 9.60 0.90 8.60 8.20 3.90 0.20 5.60 1.00 3.90 6.30 6.00 4.50 8.40 6.30 7.90 7.30 5.00 6.40 6.60 28.70 7.90 0.80 6.10 
3.60 7.80 6.20 9.30 1.10 1.40 0.40 8.20 6.20 1.30 6.80 4.40 0.50 7.00 0.00 1.50 6.10 1.60 2.70 0.70 0.00 9.00 3.80 2.50 9.20 0.20 4.30 3.20 93.30 5.20 9.30 
7.00 8.20 0.70 1.50 9.30 7.30 1.90 2.70 3.50 8.50 9.50 3.20 9.00 6.60 8.40 5.70 7.90 0.00 3.70 8.60 5.20 2.70 7.60 3.00 2.00 7.90 7.30 5.20 6.40 17.70 9.70 
