53.40 1.20 5.70 0.20 5.70 3.00 2.10 8.50 1.80 5.80 8.00 0.20 0.00 9.80 8.60 5.80 7.80 8.70 9.50 1.60 9.10 7.40 9.30 2.10 4.60 2.40 4.70 5.00 8.80 7.60 0.00 
7.50 58.80 5.70 7.70 4.60 3.90 5.00 3.10 0.90 0.90 6.30 1.10 0.90 6.20 9.80 1.90 4.00 3.70 6.60 0.80 2.80 9.30 0.10 0.20 3.90 7.70 4.90 9.00 6.60 2.50 4.20 
4.10 6.60 55.10 1.80 1.20 9.00 6.80 9.50 5.20 2.90 5.80 6.30 9.10 2.00 1.30 1.00 1.20 5.00 7.70 7.30 3.10 7.00 2.60 3.30 6.10 0.40 3.40 0.30 7.00 1.10 4.50 
6.30 7.70 9.60 43.30 4.10 3.90 5.30 8.80 9.10 8.30 4.70 5.40 7.40 1.90 6.80 3.60 8.40 7.00 6.50 5.70 0.10 8.70 8.30 8.60 4.90 8.70 7.20 5.20 0.90 3.60 5.00 
2.40 6.50 4.60 0.90 50.70 3.70 6.30 4.70 2.80 9.80 9.40 3.50 2.40 1.40 0.30 6.00 9.80 2.50 2.60 0.70 7.90 1.30 9.00 1.70 1.40 3.00 9.00 6.70 9.10 2.60 6.90 
1.60 9.10 1.50 7.70 5.00 85.30 4.00 9.80 3.30 3.80 4.40 6.80 1.40 1.00 2.30 7.50 0.80 4.90 5.30 6.70 2.80 6.60 5.80 9.70 3.30 4.00 8.70 0.00 3.10 6.50 2.10 
9.90 0.90 3.60 7.70 5.90 4.10 56.90 0.90 2.70 6.00 5.40 9.50 7.40 6.40 1.90 4.90 2.50 2.00 0.20 9.20 0.00 2.10 0.20 9.70 5.40 4.20 3.70 0.60 2.60 0.20 7.90 
7.70 1.10 1.50 5.40 2.30 0.90 2.40 8.40 3.60 8.40 9.00 8.30 1.00 5.50 5.40 6.00 3.20 7.40 1.40 7.60 2.60 8.70 3.10 2.40 9.30 7.30 6.10 5.10 5.10 1.50 3.00 
2.90 2.70 9.80 8.30 0.20 5.90 5.90 8.60 4.70 9.50 7.70 3.00 0.60 8.40 8.50 1.80 6.80 1.10 3.20 4.40 3.80 7.20 7.50 6.20 6.50 0.10 7.50 6.90 5.20 9.00 9.90 
8.10 6.90 4.90 1.70 2.30 0.80 2.80 1.00 5.50 32.40 3.90 8.60 8.20 2.30 2.30 0.00 4.30 8.60 8.40 8.70 2.40 5.60 1.50 3.80 7.40 6.80 1.30 4.30 2.00 5.60 9.40 
5.40 7.70 4.40 2.30 0.10 5.20 5.10 6.30 6.00 2.70 0.20 9.80 0.90 7.70 2.10 0.90 2.00 0.70 9.40 5.90 8.40 0.20 7.40 2.20 7.60 4.20 8.80 7.10 1.50 9.60 6.60 
2.10 2.50 6.20 4.40 2.60 1.40 9.50 8.90 2.60 7.50 4.30 72.40 8.40 2.00 9.70 4.60 9.20 5.70 9.20 5.20 4.10 9.40 7.80 1.50 2.30 7.30 5.50 9.40 8.80 5.10 1.20 
6.10 7.70 7.40 0.50 5.50 4.10 5.20 9.70 1.90 2.70 4.00 4.40 56.40 1.30 4.10 1.00 0.50 9.80 0.20 0.90 9.10 9.60 8.80 0.70 7.10 6.10 6.20 6.60 0.10 6.60 3.00 
6.20 9.50 5.70 6.70 5.00 5.00 7.10 9.90 6.90 9.90 9.20 6.50 6.30 50.50 0.70 7.30 6.20 5.70 2.70 7.20 4.90 2.30 1.20 5.60 9.50 7.30 7.00 1.30 7.40 3.60 9.50 
3.60 3.10 0.40 5.50 3.40 5.40 2.60 3.30 7.60 7.70 2.50 4.10 9.20 8.20 54.80 1.70 9.70 0.60 4.40 2.10 0.70 2.00 3.30 6.30 6.70 0.60 3.30 8.00 3.20 2.20 2.70 
6.80 0.50 3.20 7.50 3.90 3.80 0.10 2.50 1.40 3.10 5.00 0.80 2.30 8.50 5.60 4.10 8.20 1.40 8.50 0.30 2.10 0.50 3.60 3.60 2.40 9.40 2.20 5.60 2.60 4.40 8.40 
4.60 4.90 6.80 2.10 4.10 0.60 7.40 6.60 7.30 0.50 6.80 8.10 2.90 0.50 8.90 2.20 48.70 5.60 5.90 4.20 2.90 1.70 3.00 6.60 4.10 2.40 4.00 9.80 0.20 8.40 8.20 
4.80 8.50 5.00 2.10 7.80 0.80 9.60 4.40 8.10 5.30 6.50 1.40 8.20 7.00 0.40 5.60 1.00 6.00 1.60 0.40 8.90 3.30 3.50 0.70 7.40 5.90 4.70 7.20 1.40 3.10 0.60 
6.20 6.90 0.80 3.60 4.70 1.70 3.20 4.40 5.00 3.70 6.10 6.50 7.20 8.30 6.90 2.80 4.50 8.10 54.40 5.00 7.00 7.70 8.50 7.80 0.40 9.60 7.70 7.60 1.00 6.10 3.50 
2.50 3.00 4.30 6.10 2.90 1.20 4.50 2.50 6.30 8.20 3.80 8.00 0.60 2.20 4.90 3.50 6.70 8.20 7.90 96.90 0.40 0.90 5.40 8.20 1.30 0.30 1.20 4.10 1.30 7.30 7.60 
9.00 0.30 2.00 0.30 8.40 3.20 0.00 6.20 4.70 8.30 0.00 2.70 8.90 2.20 2.80 7.60 4.20 1.00 5.60 1.10 51.50 1.70 1.80 4.90 3.00 2.10 6.10 7.10 8.60 3.40 4.80 
7.70 8.90 2.00 8.00 7.40 5.20 8.10 3.60 0.00 1.60 3.60 2.70 5.70 1.10 5.60 8.60 0.50 1.80 4.20 6.80 3.30 51.10 8.60 8.30 4.10 0.70 9.60 6.40 4.60 3.10 1.20 
2.30 2.00 3.20 5.50 4.60 3.70 8.80 3.40 3.70 5.60 2.30 1.60 6.60 3.40 2.40 5.20 9.10 4.30 9.40 5.90 7.60 0.50 84.60 1.10 9.80 0.50 0.80 6.20 5.10 9.10 2.70 
2.60 1.10 1.10 3.40 1.00 4.80 2.20 4.40 3.70 3.10 6.70 5.40 9.70 5.30 3.00 4.90 4.40 7.30 9.50 0.40 0.20 5.20 0.20 66.50 5.00 0.70 7.30 6.40 1.10 1.60 9.10 
3.70 8.00 5.50 2.30 9.00 0.30 9.80 3.40 9.30 2.90 5.40 9.90 2.60 5.90 2.90 7.50 0.40 5.50 2.20 6.00 5.70 7.40 6.20 7.40 57.60 6.90 0.00 4.00 3.20 1.60 8.40 
2.20 9.60 3.90 4.50 8.60 9.40 4.30 7.30 3.90 7.20 7.90 3.80 5.00 3.80 6.80 7.70 4.20 7.50 9.90 5.40 8.40 7.30 1.60 5.80 4.90 63.80 5.80 4.20 7.00 7.50 7.80 
4.40 2.30 6.90 9.00 1.00 6.30 8.50 3.50 5.50 1.00 1.40 9.30 6.00 0.40 1.30 3.80 9.90 8.80 3.70 5.30 7.20 6.30 7.00 8.30 6.40 6.00 54.10 0.60 8.20 6.80 3.60 
2.70 9.20 0.50 6.90 5.40 2.10 5.40 8.90 7.60 1.60 5.50 6.90 7.70 5.90 3.50 6.70 5.80 2.30 5.60 1.20 4.80 1.90 3.40 3.10 3.60 4.60 7.20 69.40 2.80 9.30 3.10 
0.70 8.50 3.60 7.60 3.90 0.90 8.30 2.80 8.50 9.90 3.50 0.70 2.80 9.40 4.20 9.50 5.30 1.70 0.40 1.70 6.50 7.50 0.30 4.80 1.10 4.90 7.30 0.60 87.70 6.60 3.70 
8.50 0.30 2.50 1.30 4.20 3.50 9.60 2.20 7.20 4.80 5.70 3.10 2.80 5.10 7.30 2.40 5.60 4.30 8.00 2.50 6.00 5.50 2.80 0.90 6.70 7.70 3.40 7.30 5.50 70.00 6.20 
