89.20 0.30 8.70 5.70 9.70 7.40 5.40 1.90 4.70 5.40 2.80 7.80 8.20 3.10 0.40 5.80 4.00 9.90 3.80 6.50 5.90 4.60 9.40 2.00 1.30 7.10 5.40 3.80 7.80 0.60 5.20 
7.00 86.10 3.90 2.80 5.80 6.60 3.40 2.90 6.50 4.00 0.90 4.30 2.20 4.10 9.90 3.30 8.10 5.00 2.30 4.60 1.00 6.90 4.00 8.20 8.20 6.40 8.90 7.20 4.20 9.50 2.40 
6.50 0.90 1.60 4.50 6.70 8.20 3.10 4.90 4.70 7.10 5.80 4.20 4.50 5.10 9.40 7.80 3.20 4.40 0.20 3.10 0.60 7.10 2.30 4.10 0.60 8.70 3.00 3.00 3.00 7.70 5.50 
9.50 8.60 2.30 59.20 0.60 0.50 2.30 0.70 0.40 9.40 6.50 4.60 9.10 6.90 4.00 7.00 0.10 3.70 2.40 8.40 4.30 9.50 0.80 8.40 5.30 9.50 6.60 8.40 7.70 4.40 9.10 
2.40 8.20 1.40 1.60 64.00 7.10 3.90 4.70 7.50 8.50 6.50 2.10 7.70 3.40 1.40 9.90 8.70 5.10 2.30 7.20 4.60 7.00 3.20 3.10 2.40 2.70 4.90 6.00 0.50 9.30 5.10 
8.10 7.60 1.70 9.80 6.80 18.80 8.90 1.60 6.30 7.50 8.10 3.60 0.40 6.70 5.00 0.30 5.40 5.30 2.60 7.80 5.20 9.60 1.00 3.50 7.20 3.80 8.40 8.40 9.50 7.80 3.50 
2.80 0.60 0.40 2.60 7.40 9.20 61.60 4.20 0.70 4.30 7.50 4.40 9.90 4.20 4.60 0.20 9.70 0.00 8.00 2.70 5.20 2.80 3.80 8.70 0.10 2.80 2.30 8.50 2.30 0.10 7.30 
0.30 5.90 2.90 3.00 8.60 2.20 9.80 82.80 2.90 9.30 0.40 2.50 9.20 9.80 7.20 4.60 9.50 2.40 2.60 2.30 2.80 5.40 1.30 6.70 0.70 4.10 9.00 4.50 1.60 9.20 7.00 
1.90 0.30 9.90 0.10 8.90 2.10 9.90 7.00 90.30 4.40 2.60 2.80 3.60 2.40 5.20 8.20 7.20 7.60 6.00 4.70 0.40 1.50 6.00 7.10 7.40 0.10 6.20 1.90 6.90 0.60 8.90 
8.80 0.90 4.10 9.00 5.10 6.20 4.10 7.30 1.70 48.60 9.90 9.80 2.20 7.50 5.00 5.70 4.70 2.70 1.70 4.60 3.10 8.40 0.60 0.30 1.10 5.90 1.70 3.00 2.80 2.30 7.20 
6.90 8.40 1.30 5.90 8.70 2.70 0.00 6.00 9.70 3.80 61.10 9.50 1.30 8.70 4.50 7.00 8.60 7.20 3.90 3.30 5.60 7.60 9.10 1.10 8.70 5.10 2.80 6.90 3.10 5.10 4.10 
0.00 8.70 0.60 1.10 7.50 8.60 6.40 8.70 8.30 0.20 9.90 57.80 1.50 3.80 2.30 3.70 7.60 4.80 7.70 0.90 0.40 5.30 5.30 1.50 4.00 5.60 9.50 0.90 8.70 9.80 0.30 
4.00 8.50 6.10 0.30 6.00 4.70 6.70 0.00 3.00 7.00 9.90 0.80 3.70 3.70 8.40 7.50 1.30 3.20 5.20 7.50 8.80 5.70 8.00 5.50 4.90 3.60 5.00 1.00 7.50 4.80 6.50 
6.70 8.50 2.70 7.10 9.80 7.40 3.80 9.80 0.50 6.00 4.90 6.50 9.80 53.80 4.90 7.30 0.30 3.30 7.70 7.80 2.10 8.60 5.80 2.80 3.50 4.60 3.00 9.70 2.20 3.00 6.30 
8.90 1.60 9.00 1.20 1.40 6.40 5.10 6.40 2.10 6.30 1.30 8.70 6.10 5.10 78.80 8.60 5.40 2.20 1.50 8.50 9.50 0.10 9.50 7.60 8.80 4.20 0.60 8.60 1.60 3.70 4.90 
5.70 5.30 3.90 7.00 1.90 5.50 7.30 3.50 2.90 3.60 4.80 6.80 5.00 5.10 5.60 88.80 0.50 3.00 5.60 4.20 7.80 0.90 3.80 5.40 9.80 3.20 6.00 8.40 0.00 9.70 8.50 
5.70 0.20 7.60 7.90 7.30 8.30 5.20 0.80 1.20 4.10 5.60 8.00 9.10 5.90 8.90 3.10 1.70 1.90 8.70 5.90 9.70 9.70 4.90 0.30 9.50 3.30 6.40 3.10 3.30 1.30 6.80 
4.30 1.60 9.60 7.40 8.90 7.90 7.90 5.00 4.40 2.00 5.80 2.40 6.30 1.80 6.50 9.40 3.50 88.50 3.40 4.60 3.40 3.10 9.60 3.80 7.80 8.10 5.40 6.10 6.70 6.70 8.10 
6.20 3.50 7.70 3.60 7.70 5.60 1.50 2.70 0.00 3.50 3.70 7.70 9.80 5.50 4.20 4.50 4.20 7.90 7.90 8.90 6.60 6.20 3.70 5.60 4.00 1.80 1.00 5.30 8.50 2.90 3.40 
4.70 1.70 1.10 3.60 9.40 1.90 5.10 7.30 7.20 3.90 1.00 4.90 3.70 1.80 4.30 3.40 6.00 7.50 1.30 84.90 4.10 7.50 3.80 9.70 6.70 5.70 5.90 2.00 9.40 8.80 5.40 
9.40 0.50 1.70 3.00 5.10 3.70 3.30 7.60 0.90 7.20 3.90 1.00 6.20 5.70 0.50 9.60 6.90 8.00 6.20 7.10 97.30 8.90 0.90 2.20 0.90 6.60 8.10 2.90 1.30 7.00 3.60 
0.70 2.70 0.50 8.90 3.10 4.20 2.20 0.70 0.30 4.70 4.60 6.50 0.90 5.50 7.10 5.70 2.50 0.30 7.10 4.80 7.70 66.10 5.70 5.10 2.20 7.60 3.30 5.10 8.90 5.50 3.90 
4.80 8.20 9.70 8.90 6.50 9.10 6.30 7.30 9.50 1.00 7.10 1.20 7.10 7.90 3.50 2.90 5.60 3.90 0.00 0.40 6.80 1.30 86.10 1.90 3.50 3.70 0.40 3.90 7.80 5.90 3.00 
7.80 9.40 2.70 6.70 5.90 1.90 3.10 8.40 6.60 9.30 5.60 7.80 6.50 8.70 1.40 9.40 4.30 0.50 4.60 9.90 7.30 1.20 1.20 4.40 4.70 5.00 4.90 3.80 8.00 6.00 6.90 
5.90 5.40 4.80 2.60 1.40 6.70 0.90 9.80 3.30 0.30 0.60 6.40 6.80 9.30 7.80 1.40 8.80 8.30 6.00 8.70 0.80 7.20 0.00 0.40 47.20 0.20 0.50 1.00 3.40 6.60 3.10 
9.30 2.00 8.00 7.20 8.60 4.70 8.10 8.50 3.30 8.40 4.30 9.70 5.20 3.70 2.70 1.80 7.70 6.20 7.90 1.70 2.20 0.30 6.90 2.60 2.70 97.10 8.40 9.00 0.50 5.00 2.10 
5.10 7.00 5.30 2.30 5.70 5.30 0.40 9.40 3.80 4.10 3.70 8.70 4.50 2.60 1.40 6.40 0.40 2.80 9.50 2.10 5.00 5.00 4.20 2.80 7.80 1.30 51.20 2.00 7.00 1.40 9.30 
7.30 8.50 4.70 9.60 9.40 0.00 5.30 8.80 3.80 4.60 7.70 2.50 9.10 0.40 9.10 5.50 6.00 1.90 0.20 3.30 2.10 5.30 7.50 0.10 8.30 4.00 6.60 90.30 6.20 3.20 9.60 
3.60 6.90 4.30 8.40 6.30 9.50 8.90 0.30 8.50 3.50 3.30 6.20 2.70 3.70 5.30 3.40 4.90 2.40 3.70 8.20 9.70 9.00 0.90 5.10 7.30 4.90 6.90 7.60 71.10 0.10 2.40 
9.90 7.10 6.80 8.40 3.40 1.50 2.50 9.00 0.10 6.10 2.30 6.30 8.80 1.20 6.90 2.20 6.10 4.50 1.10 9.50 4.30 0.10 0.40 4.60 2.60 0.50 1.50 0.20 6.80 41.60 7.90 
