73.90 4.50 8.80 2.40 3.80 5.20 0.40 2.30 3.80 6.30 4.10 4.20 8.50 3.90 2.10 2.20 3.70 4.90 8.20 4.40 3.50 6.20 6.90 1.60 1.20 7.10 9.90 1.60 6.60 9.50 3.00 
5.70 79.20 7.00 8.20 3.10 7.50 3.80 0.60 6.50 5.40 9.90 0.70 3.90 3.90 8.10 6.10 2.80 8.20 9.50 2.50 1.70 5.70 9.40 3.40 2.20 1.70 8.50 9.00 3.50 3.20 7.20 
9.30 7.70 34.30 2.70 0.80 7.00 1.70 6.60 3.50 7.10 6.50 9.40 6.20 5.60 7.50 7.50 3.70 5.70 7.00 6.20 2.70 8.00 0.80 1.30 0.20 2.50 5.00 9.20 1.30 3.50 6.40 
5.80 1.20 5.90 38.50 7.20 2.90 5.40 9.00 1.60 2.60 0.70 6.30 8.80 6.40 9.00 1.60 5.30 0.00 8.60 6.70 2.70 6.60 7.50 9.20 2.00 5.20 9.40 6.40 1.70 2.90 2.90 
7.50 9.30 4.00 1.20 36.50 2.20 6.70 0.70 3.80 9.30 1.50 5.30 3.30 3.10 4.40 4.90 8.40 4.40 8.80 5.10 2.30 0.60 2.60 6.70 2.70 3.00 6.10 9.10 4.80 4.30 7.20 
2.30 3.60 1.30 3.60 5.40 43.50 5.50 6.10 2.50 0.00 7.60 7.90 3.30 0.70 7.50 3.50 4.30 1.90 7.50 9.40 9.40 8.10 7.20 6.10 6.00 5.50 2.20 5.20 0.30 1.70 7.60 
7.80 5.40 4.10 6.60 6.00 7.60 82.10 2.10 5.40 2.10 5.00 8.50 0.70 5.70 6.00 4.20 0.10 3.10 6.90 4.70 2.50 5.00 2.00 3.80 1.10 2.70 1.20 1.50 3.00 3.00 9.10 
6.00 3.60 3.30 2.70 9.60 6.10 4.80 71.70 6.70 7.00 6.70 0.40 7.70 7.70 6.40 7.10 3.00 4.70 4.00 7.70 7.20 4.20 4.90 6.20 5.30 7.60 7.50 2.00 5.80 0.50 6.40 
1.90 4.10 4.90 4.60 8.90 6.20 9.40 0.60 8.20 1.60 2.60 8.60 9.30 0.30 5.10 1.60 3.30 9.80 5.60 6.20 2.30 9.90 1.20 3.70 0.40 4.00 1.20 7.70 9.90 6.90 9.30 
1.80 6.20 4.20 6.40 5.10 5.60 1.00 1.00 3.80 52.70 3.60 2.50 7.20 3.90 2.80 8.90 2.40 2.60 9.70 8.60 0.10 4.80 5.00 9.10 0.50 9.10 0.30 8.20 9.00 2.50 7.50 
6.00 8.70 6.90 2.40 3.90 2.50 8.60 4.90 1.60 1.30 53.70 4.10 3.80 2.80 6.90 2.70 5.20 4.70 7.60 9.00 0.10 2.50 4.10 9.20 3.00 8.40 9.50 6.40 2.60 2.00 9.10 
8.60 6.00 6.00 6.20 5.10 3.70 4.80 5.20 5.30 1.40 8.90 19.40 5.20 1.70 1.50 3.10 2.10 6.30 0.70 6.30 1.60 8.40 0.40 0.80 1.40 4.00 5.50 7.80 6.60 2.80 6.90 
5.20 8.80 8.10 1.40 9.10 1.90 1.50 4.30 2.40 2.90 3.20 7.10 63.30 0.10 8.60 6.40 7.40 0.10 2.30 3.70 1.70 0.80 9.40 7.70 7.40 3.40 3.30 5.30 5.30 6.10 7.40 
0.50 0.10 0.80 7.20 9.20 7.90 8.70 3.50 0.30 1.60 1.90 7.40 0.10 27.20 1.30 1.70 4.60 6.60 4.00 3.50 3.60 0.00 2.90 1.30 7.50 1.60 4.60 8.00 6.90 5.90 0.60 
7.40 6.00 1.40 9.80 5.20 9.30 8.50 3.90 4.90 5.30 5.80 7.50 5.40 8.20 64.00 7.10 2.80 0.70 6.40 6.40 4.30 6.40 4.50 0.80 9.10 6.10 0.70 2.30 8.20 6.60 3.00 
0.90 7.90 9.60 0.70 8.30 4.20 9.30 2.30 9.10 9.80 3.30 6.60 5.30 6.80 0.70 72.40 9.60 6.60 4.00 1.20 6.10 0.50 1.00 6.90 4.80 2.30 2.80 7.20 0.60 9.50 5.40 
6.70 2.60 0.20 7.40 0.90 4.40 1.90 8.40 3.50 1.80 7.00 5.40 2.30 3.80 1.30 4.70 88.60 7.90 4.00 5.10 9.20 9.70 6.10 6.10 4.50 3.60 9.00 6.90 4.20 3.70 2.30 
6.10 1.50 2.60 3.60 2.40 2.20 0.70 6.10 1.00 2.50 8.30 6.40 4.80 2.10 2.90 4.80 5.90 40.80 8.80 1.00 0.00 8.50 2.30 1.30 8.20 6.00 5.50 5.20 5.40 4.40 2.70 
1.60 5.90 0.50 0.40 3.60 2.80 1.10 4.90 3.80 8.90 3.20 5.40 8.90 5.30 8.30 3.70 1.20 4.30 67.70 7.50 9.50 1.40 9.80 0.80 4.90 1.00 1.60 0.10 6.50 1.20 2.80 
3.30 7.20 3.40 3.70 6.00 1.40 0.00 0.90 5.20 8.90 4.10 0.60 7.90 4.60 8.90 6.80 1.00 3.20 9.80 78.50 2.70 1.20 3.60 8.70 6.10 4.60 5.50 1.40 6.30 6.80 9.50 
4.80 9.20 8.10 8.50 5.20 9.50 3.80 1.30 4.70 2.70 5.40 0.50 0.60 0.00 9.40 2.70 6.20 7.80 2.50 4.80 55.70 8.90 8.40 9.60 0.30 8.20 5.20 1.70 9.80 7.20 1.20 
4.60 6.40 4.50 8.40 6.80 4.00 2.20 8.10 8.70 0.10 8.70 4.40 6.00 3.90 3.80 8.70 0.10 6.80 1.20 0.10 7.70 35.30 8.50 7.40 5.60 2.00 7.80 2.60 7.00 5.00 9.00 
1.60 6.60 3.60 5.20 8.60 7.60 7.40 6.70 1.60 7.60 0.60 6.00 3.60 4.50 5.10 7.50 9.80 1.90 3.90 0.00 9.70 9.20 53.70 2.30 0.10 5.70 0.10 2.70 2.70 0.30 1.70 
9.60 6.90 5.30 4.80 5.50 8.20 7.50 7.40 9.80 5.10 8.00 1.00 3.90 7.70 6.10 1.40 7.50 3.30 5.30 7.50 8.20 9.70 1.30 15.70 9.80 2.20 5.80 2.50 0.20 1.30 9.50 
9.80 3.40 0.00 9.80 4.10 8.20 7.30 6.70 3.20 2.40 4.70 4.30 1.50 7.60 5.60 2.90 0.30 4.10 3.40 3.10 2.30 3.20 4.40 8.00 33.00 1.80 9.00 0.80 2.00 0.30 0.30 
7.00 8.90 0.30 6.90 3.00 3.80 4.20 9.70 7.00 1.90 9.60 6.50 3.40 2.40 2.20 1.60 2.80 6.30 5.00 5.90 3.90 3.40 5.50 7.10 1.70 2.50 6.20 2.50 4.60 1.70 8.00 
6.80 5.90 8.30 8.90 8.90 7.30 3.20 3.90 4.40 0.30 3.50 0.90 3.70 6.00 8.30 0.50 4.00 9.90 5.60 9.90 9.00 4.20 0.60 6.10 5.90 3.10 97.50 3.60 2.90 4.50 6.80 
9.80 0.40 5.20 8.70 9.30 7.70 7.10 3.20 2.10 7.40 2.00 8.30 6.40 3.20 1.80 6.90 7.20 1.70 7.70 2.30 0.70 2.00 2.90 2.10 3.10 6.00 9.60 82.00 9.00 4.10 8.80 
4.00 4.50 9.20 7.90 9.10 7.00 0.30 7.50 4.30 2.90 9.50 2.60 9.30 7.90 4.50 6.30 5.10 1.40 9.20 7.40 7.40 6.40 0.30 9.50 9.60 1.60 9.10 6.80 35.80 8.50 5.60 
5.00 8.20 0.10 8.10 7.30 7.10 8.40 0.10 1.40 1.40 4.80 9.30 5.90 2.80 3.80 7.40 7.90 0.40 6.70 0.60 7.80 3.10 6.10 7.30 7.90 7.70 1.70 4.70 8.70 30.20 5.60 
