48.00 6.70 8.90 1.90 6.90 6.60 5.30 2.00 9.50 0.30 1.10 5.00 3.50 0.00 0.00 5.30 1.30 2.00 2.90 9.00 9.70 7.60 2.40 0.20 1.70 0.40 1.80 9.50 8.50 3.90 8.50 1.70 0.60 7.40 8.80 7.50 9.20 9.30 4.80 8.70 9.70 
5.90 99.00 3.20 5.90 9.00 3.70 7.20 6.30 6.60 1.40 6.00 9.40 9.00 1.40 1.20 4.70 3.30 5.90 3.20 7.20 4.40 0.20 7.80 7.10 9.00 0.50 6.30 8.40 0.50 0.30 8.10 6.50 9.30 6.50 7.60 3.50 0.20 4.90 9.80 2.10 1.50 
1.00 6.70 60.60 7.70 7.90 0.50 1.00 3.90 8.90 3.40 3.50 9.10 6.40 0.60 8.20 2.10 7.00 6.60 2.70 7.30 9.90 9.20 1.80 6.40 6.80 0.50 6.60 6.90 5.60 3.90 3.70 6.60 0.70 9.50 4.30 8.60 0.00 0.50 7.70 8.90 3.90 
1.30 8.10 0.30 47.10 6.30 2.50 4.10 8.10 5.20 6.60 8.00 9.60 8.40 4.40 1.60 9.00 6.20 8.60 4.60 5.40 2.30 6.40 6.10 1.80 0.80 9.90 7.00 1.30 7.70 5.90 0.50 4.20 4.00 0.80 1.30 5.50 8.50 0.70 3.60 8.90 7.30 
6.80 8.50 1.00 1.20 90.20 0.00 2.70 4.00 9.80 8.10 1.50 6.20 4.20 8.50 2.20 9.30 5.50 8.80 2.20 1.40 9.30 1.60 0.70 5.30 3.00 6.20 3.90 8.90 5.10 8.00 6.20 1.90 1.80 7.20 8.40 7.20 2.40 6.30 1.20 7.40 4.40 
2.70 8.90 3.80 6.40 1.10 88.30 1.90 9.90 0.60 8.50 4.40 2.20 9.20 9.80 0.40 0.70 8.90 9.30 5.80 2.10 0.80 2.90 3.90 3.20 1.30 1.10 0.90 7.60 7.50 8.30 7.20 5.40 7.20 6.20 1.80 3.60 4.60 3.70 8.70 5.20 2.30 
3.20 2.60 6.70 8.20 3.10 7.40 22.30 2.40 8.40 4.40 8.40 1.40 8.40 1.70 2.70 4.70 2.60 5.60 2.30 0.90 2.80 7.70 3.40 4.30 9.60 7.00 4.10 8.50 0.90 4.50 0.80 9.30 7.10 2.80 7.50 0.20 0.20 5.00 7.90 8.70 9.50 
6.30 0.10 3.10 3.20 8.00 7.80 5.80 98.80 0.10 6.80 1.70 3.10 5.40 1.20 2.70 7.60 5.30 1.20 8.50 9.80 7.30 7.90 2.10 0.10 0.60 7.60 5.50 5.70 5.50 9.40 0.40 7.00 4.70 3.50 0.30 2.80 1.30 6.10 1.60 6.70 8.10 
8.50 9.80 8.70 4.90 7.70 6.30 0.20 4.10 60.10 5.20 6.60 3.20 2.60 6.70 3.80 0.20 7.50 4.70 0.90 6.90 5.10 3.10 1.70 3.80 3.40 4.50 0.40 4.80 1.30 7.10 8.10 5.10 2.10 6.90 0.00 5.00 8.40 5.50 9.10 8.50 5.90 
5.80 1.70 8.50 7.70 0.80 3.90 5.20 0.70 4.80 32.20 5.90 8.00 9.10 4.90 6.60 3.60 5.30 6.60 0.10 7.60 4.80 0.40 9.70 6.90 0.50 4.70 0.50 1.20 9.10 4.30 7.10 4.90 6.00 0.90 7.80 2.00 4.80 3.10 2.80 4.90 0.50 
3.90 2.90 9.60 8.80 4.70 8.40 4.20 1.40 3.70 1.80 61.40 4.20 6.80 3.50 4.70 6.70 4.00 5.90 5.80 8.30 8.20 5.90 9.60 4.30 3.80 1.60 9.20 2.10 9.60 4.10 2.60 3.50 2.20 7.40 2.40 6.90 5.80 1.80 3.50 9.50 3.60 
4.90 3.70 5.60 8.40 3.60 2.40 7.70 4.70 8.20 6.00 8.20 99.40 0.80 2.50 3.20 2.50 6.90 0.50 7.30 6.20 3.10 0.90 8.40 5.70 8.50 0.60 1.50 0.30 9.30 6.20 3.90 4.30 5.20 4.80 7.90 4.00 7.20 5.60 8.80 0.60 6.90 
2.20 0.00 7.70 4.70 8.40 5.40 1.70 8.90 2.80 7.90 7.20 8.90 11.60 2.90 7.40 7.40 9.60 7.70 6.70 5.90 6.80 6.20 6.30 1.60 9.40 0.30 8.80 0.20 4.30 4.70 7.10 6.50 9.90 0.10 1.30 8.40 0.70 8.20 2.50 3.50 1.30 
9.80 7.60 8.10 7.90 5.00 5.50 7.60 7.90 7.50 8.70 4.80 8.90 5.00 81.60 8.30 0.50 5.70 8.60 4.90 0.40 0.90 1.40 0.30 6.20 7.90 3.90 7.00 6.10 6.50 5.70 7.50 1.50 3.40 5.60 9.40 3.60 6.40 2.20 1.60 9.10 0.90 
6.40 8.00 1.10 3.20 1.60 6.90 8.90 5.40 1.80 9.30 1.50 3.20 4.90 7.80 61.20 8.80 4.80 2.50 0.50 5.70 5.20 2.00 9.10 0.90 6.70 2.80 2.50 8.90 9.60 1.60 5.10 1.20 4.80 1.40 4.40 6.40 8.30 3.40 1.80 5.30 7.90 
3.40 8.60 2.80 1.20 5.00 1.70 1.20 2.70 2.20 6.90 8.00 9.50 1.30 4.10 6.20 69.30 6.60 0.30 8.90 3.40 0.60 5.30 8.20 7.30 9.70 4.70 5.60 8.30 1.70 1.00 6.30 5.10 4.80 9.10 1.50 5.00 6.00 7.90 2.90 3.50 0.10 
0.90 3.00 6.60 5.00 4.40 5.90 6.80 9.90 0.00 0.20 0.60 5.30 3.70 7.90 0.20 8.40 98.70 8.60 5.30 4.90 0.10 5.70 4.90 4.40 2.40 5.10 0.50 0.40 8.10 9.20 5.70 9.00 2.20 2.30 9.30 1.80 8.20 1.30 1.70 3.40 1.60 
2.30 3.90 0.50 5.40 4.10 4.10 9.40 7.90 9.40 9.50 3.20 5.10 4.50 7.70 7.60 4.80 3.40 83.20 2.90 2.60 8.90 7.20 0.00 1.20 1.70 1.80 4.60 3.00 3.50 8.00 9.80 5.90 1.90 0.30 6.50 1.20 4.40 5.90 4.40 3.90 0.70 
7.60 4.20 5.20 0.50 7.00 5.20 3.90 0.20 8.20 1.70 9.10 0.60 1.70 5.50 2.30 3.50 0.10 5.30 27.10 8.10 5.20 8.20 5.20 0.70 4.70 1.70 5.20 5.90 6.10 4.30 6.60 8.90 3.70 7.00 4.70 0.80 2.20 3.80 1.00 5.60 5.60 
5.40 6.20 7.30 0.90 3.70 6.10 1.10 4.30 3.20 4.40 4.70 6.60 9.70 5.40 6.50 1.40 5.80 2.40 2.70 40.10 4.20 6.80 3.90 6.40 1.50 4.70 3.90 0.60 0.90 4.70 6.20 6.30 6.20 8.70 7.30 9.90 4.80 8.40 4.20 3.20 8.00 
8.90 9.80 7.70 9.60 6.40 4.30 5.40 4.00 2.20 0.80 3.50 9.10 9.90 5.10 5.80 9.80 9.00 6.40 0.70 9.00 47.80 7.10 5.20 1.80 9.60 0.30 6.60 3.20 9.80 5.10 1.20 3.90 4.90 9.00 3.50 6.50 8.50 4.20 0.60 6.00 5.00 
9.30 0.30 4.90 4.40 6.10 4.70 8.70 7.80 0.60 7.70 0.80 7.70 8.10 2.60 2.50 3.60 4.50 5.70 3.40 9.60 7.00 97.40 9.70 1.20 6.10 6.30 4.90 0.30 6.90 0.90 5.30 1.40 1.20 5.40 5.80 2.60 5.30 9.70 0.40 6.00 7.40 
6.40 8.90 0.70 9.10 1.50 4.40 8.80 7.20 7.80 8.40 9.40 0.40 8.10 0.60 6.60 4.40 5.60 2.10 6.50 1.70 2.70 7.90 33.00 8.10 9.00 5.60 3.50 8.70 1.20 9.50 1.40 7.60 8.40 2.10 1.90 5.10 1.70 0.70 2.40 4.80 9.10 
1.80 5.20 2.50 7.70 7.00 2.10 8.50 4.40 8.70 0.20 7.10 1.80 8.40 0.40 0.80 4.00 3.90 4.80 5.20 8.60 6.20 8.10 2.30 43.50 5.20 7.40 5.30 6.00 5.00 0.10 0.30 6.90 0.50 8.00 9.80 2.80 0.20 3.50 7.20 8.90 3.70 
4.30 5.90 2.20 4.70 2.00 1.40 3.90 6.80 1.90 7.70 8.20 5.20 0.00 6.90 0.40 2.70 7.40 6.40 7.70 2.70 2.00 9.80 3.30 0.00 99.60 6.10 0.20 8.30 8.50 4.30 2.10 8.00 5.50 9.50 7.90 7.50 6.10 1.80 9.50 8.00 4.80 
7.70 8.40 0.00 9.80 8.90 2.70 7.30 0.50 0.50 0.00 2.50 0.30 8.50 7.80 5.20 9.80 8.00 3.50 8.30 7.60 0.80 6.30 3.10 5.50 4.30 20.60 6.90 1.30 5.30 0.10 1.30 8.20 8.60 1.40 8.00 7.50 4.10 5.30 8.00 9.80 0.60 
0.60 5.40 9.10 8.40 0.60 9.00 1.60 9.30 7.30 9.20 5.40 8.90 7.50 6.10 8.40 3.30 3.00 4.90 8.60 3.20 6.30 6.80 1.80 7.70 4.90 4.50 47.00 5.40 2.50 6.90 6.00 8.30 2.30 5.20 1.90 8.10 4.20 8.80 2.60 6.70 3.20 
8.00 5.60 0.80 9.40 4.00 4.10 7.60 9.00 8.00 0.80 0.50 4.80 7.80 8.20 4.90 7.50 5.20 0.40 0.10 7.30 1.60 3.60 9.60 6.80 5.60 7.70 6.20 49.60 5.60 8.20 2.80 8.80 3.80 3.60 8.20 3.10 3.00 5.90 7.30 1.00 1.90 
3.00 1.00 5.00 1.20 1.20 2.50 1.60 6.80 7.80 4.20 8.40 1.50 3.80 0.50 2.30 6.80 1.90 1.90 2.40 0.10 4.70 1.20 9.20 3.60 4.70 7.50 1.80 5.80 70.00 8.00 7.70 3.00 9.00 7.90 9.40 0.20 0.50 6.20 2.20 8.30 0.40 
0.70 5.00 4.30 1.20 7.30 6.30 8.30 4.40 3.90 8.50 9.20 5.10 7.70 8.00 5.00 0.40 9.80 0.80 0.40 7.80 8.60 3.40 2.00 1.70 2.80 7.50 2.20 9.00 9.70 55.80 9.50 0.40 6.00 9.00 6.80 3.40 0.50 5.20 7.80 4.40 8.90 
2.20 4.70 6.60 5.40 9.80 7.00 5.20 0.60 7.40 3.00 4.40 6.00 0.30 6.20 8.80 7.80 3.60 3.00 7.50 4.60 7.70 3.20 0.70 1.90 0.00 9.30 2.40 0.40 2.30 2.00 19.30 4.60 6.80 1.10 5.20 1.80 8.10 0.50 2.40 0.70 8.70 
2.10 1.90 9.00 3.50 5.90 6.80 2.30 4.20 9.60 7.00 1.90 2.80 2.90 9.10 8.00 2.20 6.70 8.50 4.50 8.80 7.80 4.30 0.80 9.00 9.60 2.60 2.30 0.10 0.20 8.30 4.00 22.30 5.40 3.10 1.00 1.40 5.10 3.40 5.60 4.70 5.60 
2.70 7.50 8.50 1.80 5.60 0.70 8.60 9.30 0.40 2.60 7.10 4.80 8.60 1.30 4.40 1.20 8.90 9.70 6.60 2.40 8.90 4.20 7.80 2.00 5.20 9.20 7.20 3.80 4.80 7.10 9.40 2.80 14.70 7.90 4.60 5.50 3.80 8.40 4.80 4.30 6.20 
7.10 9.10 4.80 3.70 8.70 1.20 2.60 3.60 7.90 5.00 2.50 2.10 2.80 9.80 7.30 7.30 2.20 1.20 7.30 9.30 5.80 0.10 4.00 3.80 0.00 4.70 7.60 8.40 4.70 1.90 9.90 1.90 6.20 64.70 0.80 4.90 1.20 3.40 3.70 9.10 3.60 
6.30 1.20 1.60 1.30 3.70 8.90 3.50 0.10 1.50 2.80 6.00 1.60 2.10 9.80 1.60 6.80 2.60 5.30 6.80 9.80 5.20 8.70 6.00 5.10 4.70 6.20 6.30 8.10 9.90 0.60 6.90 1.40 1.80 3.70 52.70 0.80 2.70 6.20 0.90 9.40 4.30 
6.90 6.20 6.40 1.90 3.10 8.40 4.60 8.40 5.20 9.60 8.80 9.10 5.60 9.10 3.80 1.80 0.70 7.10 7.00 1.30 4.00 8.40 8.40 7.80 6.40 9.20 5.70 7.80 0.10 5.10 2.10 2.30 6.50 8.50 4.20 99.60 7.00 4.00 8.00 2.20 3.60 
2.00 6.60 4.50 1.20 0.40 6.30 7.10 7.60 8.50 8.40 6.80 7.00 6.80 9.80 8.60 1.20 5.50 6.40 1.40 5.80 8.60 8.90 2.40 7.10 8.30 2.00 9.30 2.40 5.30 6.80 1.20 2.50 3.40 5.70 8.90 3.80 67.30 6.00 6.60 5.80 9.70 
3.50 8.00 6.50 3.30 6.60 7.80 4.10 8.30 4.40 5.10 6.90 3.30 2.70 4.00 6.80 4.80 8.60 9.20 5.30 5.40 5.70 7.80 8.80 6.60 2.00 7.80 9.10 8.00 4.50 0.20 7.70 3.20 3.40 9.50 1.70 5.30 2.50 1.00 3.60 2.10 6.20 
0.50 0.60 8.90 9.70 7.40 8.90 8.30 1.90 9.40 3.70 7.60 2.50 7.70 9.40 4.50 5.60 8.60 2.50 5.30 8.80 5.50 3.70 2.20 5.00 0.60 2.70 7.50 1.70 6.30 9.60 3.10 6.80 5.40 7.20 6.60 2.80 1.40 0.10 24.70 0.80 9.10 
2.30 3.30 6.80 1.80 7.80 7.60 5.60 5.60 8.10 9.60 1.10 7.00 7.00 1.30 7.70 9.80 4.00 4.60 6.10 8.80 2.90 3.00 4.20 0.10 4.80 7.00 1.50 4.90 1.80 2.40 9.20 9.30 0.90 6.10 6.30 4.00 8.90 1.90 9.60 57.10 1.50 
